0 0.03564453125 0.19189453125 0.05419921875 0.1923828125
1 0.08837890625 0.19189453125 0.05126953125 0.1923828125
0 0.140625 0.19189453125 0.05126953125 0.1923828125
1 0.1953125 0.18994140625 0.05322265625 0.2041015625
0 0.24755859375 0.193359375 0.05322265625 0.19140625
0 0.30029296875 0.193359375 0.0517578125 0.19140625
0 0.35302734375 0.19091796875 0.0537109375 0.1962890625
0 0.40576171875 0.18994140625 0.05126953125 0.1943359375
1 0.4580078125 0.18994140625 0.0537109375 0.1943359375
1 0.51171875 0.1904296875 0.052734375 0.1953125
1 0.56494140625 0.1953125 0.05322265625 0.185546875
1 0.61669921875 0.18994140625 0.0517578125 0.2021484375
1 0.67041015625 0.193359375 0.0546875 0.19140625
0 0.7236328125 0.193359375 0.05224609375 0.19140625
1 0.77685546875 0.1923828125 0.05322265625 0.193359375
1 0.82958984375 0.19189453125 0.052734375 0.1923828125
1 0.8837890625 0.18603515625 0.05419921875 0.2041015625
1 0.9345703125 0.1923828125 0.04736328125 0.197265625
1 0.0361328125 0.4169921875 0.0537109375 0.2041015625
0 0.08935546875 0.41650390625 0.0517578125 0.205078125
0 0.1416015625 0.41259765625 0.05322265625 0.197265625
1 0.19482421875 0.4140625 0.052734375 0.1943359375
1 0.24755859375 0.416015625 0.052734375 0.1982421875
0 0.30029296875 0.416015625 0.05224609375 0.1982421875
1 0.353515625 0.41162109375 0.0537109375 0.189453125
1 0.40673828125 0.4111328125 0.05224609375 0.1904296875
1 0.45947265625 0.4111328125 0.05322265625 0.1884765625
0 0.51220703125 0.41650390625 0.052734375 0.201171875
1 0.5634765625 0.41357421875 0.052734375 0.1953125
1 0.6162109375 0.4130859375 0.052734375 0.1962890625
1 0.67041015625 0.4130859375 0.0546875 0.1962890625
1 0.7236328125 0.41357421875 0.052734375 0.193359375
1 0.77734375 0.41357421875 0.05419921875 0.193359375
1 0.83056640625 0.4130859375 0.05224609375 0.1943359375
1 0.88330078125 0.4169921875 0.052734375 0.2021484375
1 0.93408203125 0.416015625 0.048828125 0.2041015625
0 0.0390625 0.8642578125 0.0546875 0.19140625
0 0.09228515625 0.8642578125 0.05078125 0.19140625
1 0.14453125 0.86376953125 0.05419921875 0.1904296875
1 0.19775390625 0.86328125 0.0517578125 0.19140625
1 0.25 0.8642578125 0.05224609375 0.193359375
1 0.30224609375 0.861328125 0.05029296875 0.19921875
1 0.35498046875 0.86083984375 0.05419921875 0.1982421875
0 0.408203125 0.86376953125 0.05224609375 0.1923828125
1 0.4599609375 0.86279296875 0.05126953125 0.1904296875
1 0.5126953125 0.86279296875 0.05419921875 0.1904296875
1 0.56494140625 0.86474609375 0.0498046875 0.1943359375
1 0.61669921875 0.8681640625 0.05322265625 0.1875
1 0.67041015625 0.8671875 0.0537109375 0.185546875
1 0.72412109375 0.86376953125 0.05322265625 0.1923828125
1 0.77734375 0.86376953125 0.05224609375 0.1923828125
1 0.830078125 0.8583984375 0.05322265625 0.203125
1 0.8837890625 0.8583984375 0.0537109375 0.203125
1 0.93310546875 0.86083984375 0.044921875 0.1982421875