1 0.0644444443359375 0.4339659951171875 0.121111111328125 0.4339659951171875 0.1272222216796875 0.2075919345703125 0.0694444443359375 0.206603400390625 0.0644444443359375 0.4339659951171875
1 0.1883333330078125 0.2085804658203125 0.126111111328125 0.2085804658203125 0.121111111328125 0.4329774609375 0.183888888671875 0.4329774609375 0.1883333330078125 0.2085804658203125
1 0.1883333330078125 0.2085804658203125 0.1822222216796875 0.4329774609375 0.246111111328125 0.4349545263671875 0.25 0.209569 0.1883333330078125 0.2085804658203125
1 0.3144444443359375 0.2105575322265625 0.25 0.2085804658203125 0.2466666669921875 0.4349545263671875 0.3105555556640625 0.4349545263671875 0.3144444443359375 0.2105575322265625
1 0.3127777783203125 0.2105575322265625 0.31 0.4339659951171875 0.3733333330078125 0.4339659951171875 0.3772222216796875 0.2105575322265625 0.3127777783203125 0.2105575322265625
1 0.3733333330078125 0.4339659951171875 0.4344444443359375 0.4349545263671875 0.4355555556640625 0.2135231318359375 0.376111111328125 0.21253459765625 0.3733333330078125 0.4339659951171875
1 0.5 0.2145116650390625 0.4355555556640625 0.21253459765625 0.433888888671875 0.4319889287109375 0.4955555556640625 0.4329774609375 0.5 0.2145116650390625
1 0.498888888671875 0.21253459765625 0.4944444443359375 0.4339659951171875 0.5577777783203125 0.4319889287109375 0.558888888671875 0.2135231318359375 0.498888888671875 0.21253459765625
1 0.5566666669921875 0.43001186328125 0.6205555556640625 0.43100039453125 0.625 0.2145116650390625 0.561111111328125 0.2145116650390625 0.5566666669921875 0.43001186328125
1 0.6883333330078125 0.2135231318359375 0.6255555556640625 0.21253459765625 0.6194444443359375 0.43100039453125 0.6833333330078125 0.43001186328125 0.6883333330078125 0.2135231318359375
1 0.6833333330078125 0.43100039453125 0.748888888671875 0.428034796875 0.7505555556640625 0.2085804658203125 0.6872222216796875 0.2105575322265625 0.6833333330078125 0.43100039453125
1 0.7483333330078125 0.43001186328125 0.813888888671875 0.4290233291015625 0.8116666669921875 0.2105575322265625 0.75 0.2115460654296875 0.7483333330078125 0.43001186328125
1 0.063888888671875 0.435943060546875 0.0594444443359375 0.6336496640625 0.1183333330078125 0.636615263671875 0.121111111328125 0.4339659951171875 0.063888888671875 0.435943060546875
1 0.121111111328125 0.4339659951171875 0.1172222216796875 0.637603794921875 0.18 0.639580861328125 0.1833333330078125 0.4349545263671875 0.121111111328125 0.4339659951171875
1 0.1833333330078125 0.4349545263671875 0.1794444443359375 0.6435349951171875 0.2433333330078125 0.6465005927734375 0.246111111328125 0.435943060546875 0.1833333330078125 0.4349545263671875
1 0.246111111328125 0.435943060546875 0.2433333330078125 0.648477658203125 0.3066666669921875 0.6504547255859375 0.3105555556640625 0.4349545263671875 0.246111111328125 0.435943060546875
0 0.3105555556640625 0.4349545263671875 0.3066666669921875 0.6504547255859375 0.37 0.654408857421875 0.3733333330078125 0.4339659951171875 0.3105555556640625 0.4349545263671875
1 0.3733333330078125 0.4339659951171875 0.368888888671875 0.656385923828125 0.4327777783203125 0.6593515234375 0.435 0.4319889287109375 0.3733333330078125 0.4339659951171875
1 0.4344444443359375 0.4319889287109375 0.43 0.6583629892578124 0.49 0.6633056552734375 0.4955555556640625 0.4329774609375 0.4344444443359375 0.4319889287109375
1 0.4955555556640625 0.4349545263671875 0.4877777783203125 0.66231712109375 0.5522222216796875 0.6702253857421875 0.5572222216796875 0.4349545263671875 0.4955555556640625 0.4349545263671875
1 0.621111111328125 0.4319889287109375 0.5572222216796875 0.43100039453125 0.551111111328125 0.6702253857421875 0.6144444443359375 0.6771451171875 0.621111111328125 0.4319889287109375
1 0.6166666669921875 0.673190984375 0.6816666669921875 0.6830763154296875 0.6833333330078125 0.43100039453125 0.62 0.43100039453125 0.6166666669921875 0.673190984375
1 0.728888888671875 0.43100039453125 0.6827777783203125 0.43100039453125 0.6805555556640625 0.68208778125 0.7266666669921875 0.6870304462890625 0.728888888671875 0.43100039453125
1 0.813888888671875 0.428034796875 0.7294444443359375 0.43100039453125 0.726111111328125 0.6890075126953125 0.818888888671875 0.693950177734375 0.813888888671875 0.428034796875