0 0.10546875 0.265625 0.111328125 0.20703125
1 0.216796875 0.2666015625 0.115234375 0.20703125
1 0.33251953125 0.2666015625 0.1142578125 0.208984375
1 0.44580078125 0.26611328125 0.1123046875 0.2099609375
0 0.56005859375 0.265625 0.1162109375 0.208984375
1 0.67578125 0.265625 0.115234375 0.208984375
1 0.791015625 0.265625 0.115234375 0.208984375
0 0.90576171875 0.265625 0.1142578125 0.208984375
0 0.90576171875 0.70703125 0.1142578125 0.212890625
0 0.78955078125 0.70703125 0.1162109375 0.2109375
0 0.6748046875 0.7060546875 0.11328125 0.208984375
0 0.56103515625 0.705078125 0.1142578125 0.2109375
0 0.44677734375 0.70703125 0.1142578125 0.21484375
0 0.33154296875 0.70751953125 0.1162109375 0.2138671875
0 0.2158203125 0.70849609375 0.115234375 0.2158203125
0 0.1025390625 0.70947265625 0.11328125 0.2158203125