0 0.0517578125 0.0126953125 0.0185546875 0.279296875 0.1015625 0.2890625 0.1328125 0.0244140625 0.0517578125 0.0126953125
0 0.1328125 0.0244140625 0.1005859375 0.291015625 0.181640625 0.2998046875 0.21484375 0.033203125 0.1328125 0.0244140625
1 0.21484375 0.033203125 0.1806640625 0.2998046875 0.263671875 0.3076171875 0.2958984375 0.044921875 0.21484375 0.033203125
0 0.2958984375 0.044921875 0.26171875 0.30859375 0.341796875 0.318359375 0.376953125 0.0556640625 0.2958984375 0.044921875
1 0.3759765625 0.0537109375 0.3427734375 0.3193359375 0.4248046875 0.326171875 0.4560546875 0.0615234375 0.3759765625 0.0537109375
0 0.453125 0.0634765625 0.421875 0.326171875 0.505859375 0.3369140625 0.537109375 0.0712890625 0.453125 0.0634765625
0 0.537109375 0.0712890625 0.505859375 0.3359375 0.5869140625 0.3486328125 0.6201171875 0.0810546875 0.537109375 0.0712890625
0 0.5869140625 0.3486328125 0.6689453125 0.357421875 0.6982421875 0.091796875 0.6181640625 0.0830078125 0.5869140625 0.3486328125
0 0.7001953125 0.0908203125 0.6669921875 0.357421875 0.787109375 0.37109375 0.8193359375 0.107421875 0.7001953125 0.0908203125
0 0.8193359375 0.107421875 0.787109375 0.3720703125 0.91015625 0.3857421875 0.9423828125 0.12109375 0.8193359375 0.107421875
0 0.7109375 0.966796875 0.837890625 0.98046875 0.869140625 0.71484375 0.7470703125 0.697265625 0.7109375 0.966796875
0 0.7158203125 0.9677734375 0.7490234375 0.697265625 0.6298828125 0.681640625 0.5947265625 0.9501953125 0.7158203125 0.9677734375
0 0.5126953125 0.94140625 0.59375 0.9501953125 0.6279296875 0.6826171875 0.5478515625 0.671875 0.5126953125 0.94140625
1 0.513671875 0.94140625 0.548828125 0.6728515625 0.4658203125 0.6630859375 0.4296875 0.9296875 0.513671875 0.94140625
0 0.3818359375 0.654296875 0.3525390625 0.919921875 0.4296875 0.9287109375 0.466796875 0.6630859375 0.3818359375 0.654296875
0 0.3828125 0.6572265625 0.3037109375 0.6455078125 0.271484375 0.908203125 0.3515625 0.91796875 0.3828125 0.6572265625
0 0.271484375 0.9072265625 0.3046875 0.6435546875 0.2216796875 0.6328125 0.1865234375 0.90234375 0.271484375 0.9072265625
0 0.107421875 0.8896484375 0.1884765625 0.8994140625 0.2216796875 0.6337890625 0.1396484375 0.6240234375 0.107421875 0.8896484375
1 0.111328125 0.8896484375 0.138671875 0.625 0.0595703125 0.6123046875 0.02734375 0.8798828125 0.111328125 0.8896484375