1 0.1294642861328125 0.15972222265625 0.1171875 0.1855158740234375 0.13671875 0.1845238095703125 0.1495535712890625 0.1567460322265625 0.1294642861328125 0.15972222265625
0 0.169642857421875 0.1557539677734375 0.1495535712890625 0.1567460322265625 0.13671875 0.18353174609375 0.158482142578125 0.1805555556640625 0.169642857421875 0.1557539677734375
0 0.169642857421875 0.1557539677734375 0.158482142578125 0.1805555556640625 0.1802455361328125 0.1755952373046875 0.1902901787109375 0.153769841796875 0.169642857421875 0.1557539677734375
0 0.1802455361328125 0.1755952373046875 0.200892857421875 0.1746031748046875 0.2098214287109375 0.153769841796875 0.189174107421875 0.1557539677734375 0.1802455361328125 0.1755952373046875
1 0.232142857421875 0.149801587890625 0.2103794638671875 0.15277777734375 0.200892857421875 0.1765873017578125 0.22265625 0.173611111328125 0.232142857421875 0.149801587890625
0 0.2232142861328125 0.1746031748046875 0.243861607421875 0.172619046875 0.25390625 0.1507936513671875 0.232142857421875 0.149801587890625 0.2232142861328125 0.1746031748046875
1 0.2739955361328125 0.149801587890625 0.2533482138671875 0.15277777734375 0.2427455361328125 0.173611111328125 0.2661830361328125 0.171626984375 0.2739955361328125 0.149801587890625
1 0.265625 0.171626984375 0.2879464287109375 0.172619046875 0.2957589287109375 0.149801587890625 0.2723214287109375 0.149801587890625 0.265625 0.171626984375
1 0.318080357421875 0.1507936513671875 0.2974330361328125 0.1517857138671875 0.287388392578125 0.171626984375 0.3113839287109375 0.171626984375 0.318080357421875 0.1507936513671875
0 0.3113839287109375 0.172619046875 0.3325892861328125 0.171626984375 0.3404017861328125 0.1507936513671875 0.31640625 0.1488095234375 0.3113839287109375 0.172619046875
1 0.36328125 0.149801587890625 0.33984375 0.1517857138671875 0.3314732138671875 0.173611111328125 0.3565848212890625 0.173611111328125 0.36328125 0.149801587890625
1 0.3560267861328125 0.173611111328125 0.37890625 0.172619046875 0.385044642578125 0.1478174599609375 0.361607142578125 0.1488095234375 0.3560267861328125 0.173611111328125
0 0.3984375 0.1470959599609375 0.393110794921875 0.171717171875 0.4147727275390625 0.174242423828125 0.419744318359375 0.1470959599609375 0.3984375 0.1470959599609375
0 0.442826705078125 0.1464646455078125 0.419744318359375 0.1470959599609375 0.41370738671875 0.172348484375 0.43785511328125 0.16856060546875 0.442826705078125 0.1464646455078125
0 0.4424715908203125 0.1464646455078125 0.4382102275390625 0.169823232421875 0.46129261328125 0.16856060546875 0.4655539775390625 0.14457070703125 0.4424715908203125 0.1464646455078125
0 0.48863636328125 0.14393939453125 0.4655539775390625 0.14457070703125 0.46129261328125 0.169823232421875 0.48473011328125 0.169191919921875 0.48863636328125 0.14393939453125
1 0.4875710224609375 0.14393939453125 0.484375 0.16856060546875 0.5088778408203125 0.16792929296875 0.5110085224609375 0.142676767578125 0.4875710224609375 0.14393939453125
0 0.5110085224609375 0.1410533916015625 0.5088778408203125 0.1669372294921875 0.5319602275390625 0.1644119765625 0.5344460224609375 0.139159451171875 0.5110085224609375 0.1410533916015625
1 0.5340909091796875 0.140782828125 0.5319602275390625 0.1654040400390625 0.556818181640625 0.1641414140625 0.5578835224609375 0.138888888671875 0.5340909091796875 0.140782828125
1 0.5575284091796875 0.1376262626953125 0.556818181640625 0.1641414140625 0.580255681640625 0.1641414140625 0.58238636328125 0.138257576171875 0.5575284091796875 0.1376262626953125
1 0.580610794921875 0.1376262626953125 0.580255681640625 0.1641414140625 0.604048294921875 0.1609848486328125 0.6047585224609375 0.1376262626953125 0.580610794921875 0.1376262626953125
1 0.603693181640625 0.1363636357421875 0.6044034091796875 0.16035353515625 0.6299715908203125 0.16035353515625 0.6281960224609375 0.1369949501953125 0.603693181640625 0.1363636357421875
0 0.62855113671875 0.1357323232421875 0.630326705078125 0.15909091015625 0.654119318359375 0.15909091015625 0.6530539775390625 0.134469697265625 0.62855113671875 0.1357323232421875
1 0.65269886328125 0.135101009765625 0.654119318359375 0.15909091015625 0.6786221591796875 0.157828283203125 0.678267044921875 0.1338383837890625 0.65269886328125 0.135101009765625
0 0.678267044921875 0.135101009765625 0.6786221591796875 0.157828283203125 0.70348011328125 0.1565656572265625 0.701349431640625 0.134469697265625 0.678267044921875 0.135101009765625
0 0.700994318359375 0.1319444443359375 0.70348011328125 0.1565656572265625 0.73082386328125 0.1559343427734375 0.7276278408203125 0.1313131318359375 0.700994318359375 0.1319444443359375
1 0.727982955078125 0.1325757568359375 0.73082386328125 0.1559343427734375 0.7546164775390625 0.154040404296875 0.7507102275390625 0.1313131318359375 0.727982955078125 0.1325757568359375
0 0.751775568359375 0.130681818359375 0.7546164775390625 0.154040404296875 0.778764205078125 0.15340908984375 0.77698863671875 0.130681818359375 0.751775568359375 0.130681818359375
0 0.77698863671875 0.1313131318359375 0.778764205078125 0.1553030302734375 0.8046875 0.154040404296875 0.802556818359375 0.130050505859375 0.77698863671875 0.1313131318359375
1 0.7940848212890625 0.25 0.8231534091796875 0.2487373740234375 0.8196022724609375 0.21464646484375 0.78870738671875 0.21590908984375 0.7940848212890625 0.25
0 0.794744318359375 0.2487373740234375 0.7890625 0.21590908984375 0.763139205078125 0.21527777734375 0.7666903408203125 0.2487373740234375 0.794744318359375 0.2487373740234375
1 0.767045455078125 0.2471139970703125 0.763139205078125 0.216810966796875 0.736150568359375 0.2136544013671875 0.7389914775390625 0.2471139970703125 0.767045455078125 0.2471139970703125
1 0.73863636328125 0.2474747470703125 0.736150568359375 0.21464646484375 0.708806818359375 0.2184343427734375 0.7098721591796875 0.2493686875 0.73863636328125 0.2474747470703125
0 0.7109375 0.2481060615234375 0.708806818359375 0.2184343427734375 0.681107955078125 0.2190656572265625 0.6843039775390625 0.2481060615234375 0.7109375 0.2481060615234375
1 0.68323863671875 0.25 0.681107955078125 0.2190656572265625 0.6555397724609375 0.220959595703125 0.6555397724609375 0.2506313125 0.68323863671875 0.25
0 0.65589488671875 0.2487373740234375 0.6555397724609375 0.220959595703125 0.62855113671875 0.22159091015625 0.62926136328125 0.25 0.65589488671875 0.2487373740234375
1 0.6281960224609375 0.2512626259765625 0.62855113671875 0.22222222265625 0.603338068359375 0.2234848486328125 0.603693181640625 0.2506313125 0.6281960224609375 0.2512626259765625
0 0.603338068359375 0.2512626259765625 0.603338068359375 0.2234848486328125 0.5774147724609375 0.22159091015625 0.5770596591796875 0.2525252529296875 0.603338068359375 0.2512626259765625
0 0.576349431640625 0.2531565654296875 0.5774147724609375 0.22159091015625 0.552201705078125 0.2234848486328125 0.5497159091796875 0.25378787890625 0.576349431640625 0.2531565654296875
1 0.55042613671875 0.25378787890625 0.552201705078125 0.2234848486328125 0.5262784091796875 0.2279040400390625 0.52308238671875 0.255681818359375 0.55042613671875 0.25378787890625
0 0.526822916015625 0.2268518515625 0.501041666015625 0.2287037041015625 0.498579544921875 0.2563131318359375 0.5241477275390625 0.255050505859375 0.526822916015625 0.2268518515625
1 0.4989346591796875 0.25441919140625 0.501822916015625 0.2259259267578125 0.4772727275390625 0.2272727275390625 0.47301136328125 0.2563131318359375 0.4989346591796875 0.25441919140625
1 0.47230113671875 0.2563131318359375 0.4765625 0.2260101015625 0.451704544921875 0.2285353544921875 0.447443181640625 0.2563131318359375 0.47230113671875 0.2563131318359375
0 0.447088068359375 0.2569444443359375 0.451349431640625 0.2291666669921875 0.427911931640625 0.23042929296875 0.421875 0.2575757568359375 0.447088068359375 0.2569444443359375
0 0.4225852275390625 0.259469697265625 0.427911931640625 0.23042929296875 0.40234375 0.2297979794921875 0.397017044921875 0.2588383837890625 0.4225852275390625 0.259469697265625
0 0.39808238671875 0.259469697265625 0.40234375 0.2297979794921875 0.37890625 0.2285353544921875 0.372514205078125 0.260101009765625 0.39808238671875 0.259469697265625
0 0.35973011328125 0.260101009765625 0.3664772724609375 0.2291666669921875 0.33984375 0.23106060546875 0.3327414775390625 0.2607323232421875 0.35973011328125 0.260101009765625
0 0.33203125 0.260101009765625 0.33948863671875 0.232323232421875 0.31676136328125 0.231691919921875 0.306818181640625 0.259469697265625 0.33203125 0.260101009765625
0 0.30823863671875 0.2588383837890625 0.31676136328125 0.231691919921875 0.291548294921875 0.23106060546875 0.2844460224609375 0.2607323232421875 0.30823863671875 0.2588383837890625
0 0.28480113671875 0.260101009765625 0.291548294921875 0.23106060546875 0.2684659091796875 0.23106060546875 0.259588068359375 0.2588383837890625 0.28480113671875 0.260101009765625
1 0.260298294921875 0.259469697265625 0.2684659091796875 0.23106060546875 0.2450284091796875 0.2329545458984375 0.235795455078125 0.2613636357421875 0.260298294921875 0.259469697265625
1 0.235795455078125 0.2613636357421875 0.2450284091796875 0.2329545458984375 0.2215909091796875 0.232323232421875 0.21058238671875 0.2619949501953125 0.235795455078125 0.2613636357421875
1 0.212357955078125 0.259469697265625 0.2215909091796875 0.232323232421875 0.197443181640625 0.234848484375 0.18714488671875 0.2607323232421875 0.212357955078125 0.259469697265625
1 0.1875 0.2613636357421875 0.197443181640625 0.234848484375 0.1764914775390625 0.234848484375 0.16441761328125 0.2626262626953125 0.1875 0.2613636357421875
0 0.16441761328125 0.2626262626953125 0.17613636328125 0.234848484375 0.153764205078125 0.235479798828125 0.1416903408203125 0.263257576171875 0.16441761328125 0.2626262626953125
0 0.142400568359375 0.265151515625 0.153764205078125 0.235479798828125 0.13245738671875 0.236111111328125 0.119673294921875 0.2664141416015625 0.142400568359375 0.265151515625
0 0.0458096591796875 0.2436868681640625 0.0301846591796875 0.2727272724609375 0.0514914775390625 0.2714646455078125 0.06605113671875 0.2417929287109375 0.0458096591796875 0.2436868681640625
0 0.06605113671875 0.2417929287109375 0.052201705078125 0.2720959599609375 0.0735085224609375 0.2714646455078125 0.088068181640625 0.2411616162109375 0.06605113671875 0.2417929287109375
1 0.088068181640625 0.2411616162109375 0.072798294921875 0.2702020205078125 0.096235794921875 0.26893939453125 0.10973011328125 0.2392676767578125 0.088068181640625 0.2411616162109375
1 0.10973011328125 0.2392676767578125 0.0969460224609375 0.2670454541015625 0.12073863671875 0.265782828125 0.131392044921875 0.2380050498046875 0.10973011328125 0.2392676767578125
1 0.021661931640625 0.2887806640625 0.0078125 0.3197150068359375 0.029119318359375 0.3197150068359375 0.0436789775390625 0.286886724609375 0.021661931640625 0.2887806640625
1 0.0436789775390625 0.287878787109375 0.029474431640625 0.31691919140625 0.052911931640625 0.31628787890625 0.0674715908203125 0.2891414140625 0.0436789775390625 0.287878787109375
1 0.0674715908203125 0.2891414140625 0.052911931640625 0.31628787890625 0.0774147724609375 0.3150252529296875 0.08984375 0.2885101015625 0.0674715908203125 0.2891414140625
1 0.08984375 0.287878787109375 0.0770596591796875 0.3143939384765625 0.099786931640625 0.3137626259765625 0.111860794921875 0.287878787109375 0.08984375 0.287878787109375
0 0.111860794921875 0.287878787109375 0.0983664775390625 0.3156565654296875 0.122869318359375 0.3137626259765625 0.1356534091796875 0.2866161611328125 0.111860794921875 0.287878787109375
0 0.1356534091796875 0.2866161611328125 0.1239346591796875 0.3118686875 0.146306818359375 0.3125 0.158025568359375 0.28535353515625 0.1356534091796875 0.2866161611328125
0 0.158380681640625 0.28535353515625 0.146661931640625 0.3118686875 0.170099431640625 0.3143939384765625 0.182173294921875 0.28535353515625 0.158380681640625 0.28535353515625
0 0.182173294921875 0.28535353515625 0.170099431640625 0.3143939384765625 0.1942471591796875 0.3156565654296875 0.205255681640625 0.28535353515625 0.182173294921875 0.28535353515625
1 0.205255681640625 0.28436147265625 0.1942471591796875 0.3146645029296875 0.21839488671875 0.31213925 0.23046875 0.2824675322265625 0.205255681640625 0.28436147265625
1 0.23046875 0.2824675322265625 0.21839488671875 0.31213925 0.244673294921875 0.3134018759765625 0.25426136328125 0.2824675322265625 0.23046875 0.2824675322265625
1 0.25426136328125 0.283459595703125 0.243963068359375 0.3137626259765625 0.26988636328125 0.3137626259765625 0.278764205078125 0.28472222265625 0.25426136328125 0.283459595703125
1 0.279474431640625 0.2824675322265625 0.26988636328125 0.3115079365234375 0.2958096591796875 0.3140331884765625 0.3036221591796875 0.28436147265625 0.279474431640625 0.2824675322265625
0 0.3036221591796875 0.28535353515625 0.2958096591796875 0.3137626259765625 0.32066761328125 0.3112373740234375 0.328125 0.2821969697265625 0.3036221591796875 0.28535353515625
1 0.328125 0.2821969697265625 0.32066761328125 0.3112373740234375 0.34730113671875 0.3106060615234375 0.3544034091796875 0.283459595703125 0.328125 0.2821969697265625
1 0.369318181640625 0.2815656572265625 0.361860794921875 0.3112373740234375 0.388139205078125 0.3112373740234375 0.3938210224609375 0.2809343427734375 0.369318181640625 0.2815656572265625
0 0.3938210224609375 0.2809343427734375 0.388494318359375 0.3106060615234375 0.41441761328125 0.3106060615234375 0.420099431640625 0.2815656572265625 0.3938210224609375 0.2809343427734375
0 0.420099431640625 0.2815656572265625 0.4140625 0.3106060615234375 0.44105113671875 0.3118686875 0.44566761328125 0.279040404296875 0.420099431640625 0.2815656572265625
0 0.44566761328125 0.279040404296875 0.439985794921875 0.3106060615234375 0.467329544921875 0.30871212109375 0.4715909091796875 0.27840908984375 0.44566761328125 0.279040404296875
0 0.4715909091796875 0.27840908984375 0.4655539775390625 0.3099747470703125 0.4932528408203125 0.30808080859375 0.49644886328125 0.2765151513671875 0.4715909091796875 0.27840908984375
0 0.49644886328125 0.2765151513671875 0.49254261328125 0.3099747470703125 0.51953125 0.306818181640625 0.52379261328125 0.275252525390625 0.49644886328125 0.2765151513671875
1 0.52379261328125 0.275252525390625 0.5202414775390625 0.3049242431640625 0.5479403408203125 0.3055555556640625 0.55042613671875 0.2720959599609375 0.52379261328125 0.275252525390625
1 0.55042613671875 0.2711038955078125 0.546875 0.3051948056640625 0.5749289775390625 0.3045634912109375 0.5752840908203125 0.2704725830078125 0.55042613671875 0.2711038955078125
0 0.5752840908203125 0.2714646455078125 0.57457386328125 0.3061868681640625 0.6022727275390625 0.3061868681640625 0.6026278408203125 0.2708333330078125 0.5752840908203125 0.2714646455078125
0 0.6026278408203125 0.2708333330078125 0.6015625 0.3061868681640625 0.630326705078125 0.3049242431640625 0.630326705078125 0.26957070703125 0.6026278408203125 0.2708333330078125
1 0.630326705078125 0.26957070703125 0.630681818359375 0.3055555556640625 0.658380681640625 0.3049242431640625 0.6573153408203125 0.2702020205078125 0.630326705078125 0.26957070703125
0 0.657670455078125 0.26957070703125 0.658735794921875 0.3042929287109375 0.6867897724609375 0.303030302734375 0.685014205078125 0.26957070703125 0.657670455078125 0.26957070703125
1 0.685014205078125 0.26957070703125 0.6864346591796875 0.303030302734375 0.71519886328125 0.302398990234375 0.7120028408203125 0.268308080078125 0.685014205078125 0.26957070703125
0 0.740767044921875 0.2673160166015625 0.7120028408203125 0.2673160166015625 0.71448863671875 0.3007756142578125 0.744318181640625 0.298881673828125 0.740767044921875 0.2673160166015625
1 0.7411221591796875 0.2670454541015625 0.743963068359375 0.3005050498046875 0.7734375 0.3005050498046875 0.76917613671875 0.267676767578125 0.7411221591796875 0.2670454541015625
0 0.76917613671875 0.267676767578125 0.77308238671875 0.3017676767578125 0.802911931640625 0.2998737373046875 0.7979403408203125 0.268308080078125 0.76917613671875 0.267676767578125
1 0.799005681640625 0.2702020205078125 0.8018465908203125 0.2998737373046875 0.8313210224609375 0.2998737373046875 0.8274147724609375 0.2702020205078125 0.799005681640625 0.2702020205078125
0 0.041193181640625 0.3920454541015625 0.02308238671875 0.4305555556640625 0.049005681640625 0.4299242431640625 0.063920455078125 0.39393939453125 0.041193181640625 0.3920454541015625
0 0.063920455078125 0.39393939453125 0.0479403408203125 0.4299242431640625 0.07421875 0.428030302734375 0.088423294921875 0.3914141416015625 0.063920455078125 0.39393939453125
0 0.088423294921875 0.3914141416015625 0.07421875 0.428030302734375 0.099431818359375 0.4286616162109375 0.114701705078125 0.3920454541015625 0.088423294921875 0.3914141416015625
0 0.1139914775390625 0.392676767578125 0.099786931640625 0.428030302734375 0.126420455078125 0.427398990234375 0.1399147724609375 0.3914141416015625 0.1139914775390625 0.392676767578125
0 0.138849431640625 0.3914141416015625 0.125 0.4286616162109375 0.1516335224609375 0.428030302734375 0.16441761328125 0.390151515625 0.138849431640625 0.3914141416015625
1 0.1647727275390625 0.3920454541015625 0.1512784091796875 0.4292929287109375 0.1789772724609375 0.4286616162109375 0.1903409091796875 0.388888888671875 0.1647727275390625 0.3920454541015625
1 0.19140625 0.389520201171875 0.1789772724609375 0.428030302734375 0.20667613671875 0.4286616162109375 0.220170455078125 0.3876262626953125 0.19140625 0.389520201171875
1 0.220170455078125 0.3876262626953125 0.2063210224609375 0.4286616162109375 0.2350852275390625 0.4286616162109375 0.2453835224609375 0.389520201171875 0.220170455078125 0.3876262626953125
1 0.2453835224609375 0.389520201171875 0.235795455078125 0.428030302734375 0.2627840908203125 0.4292929287109375 0.27308238671875 0.388888888671875 0.2453835224609375 0.389520201171875
1 0.27308238671875 0.388888888671875 0.26171875 0.4292929287109375 0.290482955078125 0.428030302734375 0.2997159091796875 0.389520201171875 0.27308238671875 0.388888888671875
1 0.2997159091796875 0.389520201171875 0.290482955078125 0.428030302734375 0.318536931640625 0.428030302734375 0.32776988671875 0.3869949501953125 0.2997159091796875 0.389520201171875
1 0.345525568359375 0.3863636357421875 0.3366477275390625 0.4305555556640625 0.3639914775390625 0.4299242431640625 0.372869318359375 0.388888888671875 0.345525568359375 0.3863636357421875
0 0.372869318359375 0.388888888671875 0.365056818359375 0.4299242431640625 0.3938210224609375 0.4292929287109375 0.400923294921875 0.388257576171875 0.372869318359375 0.388888888671875
0 0.400923294921875 0.388257576171875 0.3934659091796875 0.428030302734375 0.42151988671875 0.4267676767578125 0.428267044921875 0.3857323232421875 0.400923294921875 0.388257576171875
1 0.428267044921875 0.3857323232421875 0.4225852275390625 0.4261363642578125 0.450639205078125 0.4267676767578125 0.4563210224609375 0.385101009765625 0.428267044921875 0.3857323232421875
0 0.455762986328125 0.385101009765625 0.450436283203125 0.427398990234375 0.4795556005859375 0.4255050498046875 0.483106736328125 0.384469697265625 0.455762986328125 0.385101009765625
0 0.4836647724609375 0.384469697265625 0.4794034091796875 0.4267676767578125 0.509588068359375 0.4261363642578125 0.513494318359375 0.3825757568359375 0.4836647724609375 0.384469697265625
0 0.512798294921875 0.3838383837890625 0.5092471591796875 0.4248737373046875 0.540142044921875 0.424242423828125 0.54191761328125 0.380050505859375 0.512798294921875 0.3838383837890625
1 0.54191761328125 0.380681818359375 0.540142044921875 0.4255050498046875 0.56855113671875 0.423611111328125 0.570681818359375 0.3832070712890625 0.54191761328125 0.380681818359375
0 0.570681818359375 0.3832070712890625 0.56926136328125 0.423611111328125 0.6012215908203125 0.424242423828125 0.59980113671875 0.3819444443359375 0.570681818359375 0.3832070712890625
1 0.59980113671875 0.3819444443359375 0.60015625 0.424242423828125 0.6303409091796875 0.4248737373046875 0.6303409091796875 0.3819444443359375 0.59980113671875 0.3819444443359375
1 0.6303409091796875 0.3819444443359375 0.629985794921875 0.423611111328125 0.66230113671875 0.4255050498046875 0.660525568359375 0.3825757568359375 0.6303409091796875 0.3819444443359375
1 0.660525568359375 0.3825757568359375 0.661235794921875 0.4261363642578125 0.69426136328125 0.424242423828125 0.692130681640625 0.380681818359375 0.660525568359375 0.3825757568359375
1 0.692130681640625 0.380681818359375 0.6931960224609375 0.423611111328125 0.72480113671875 0.422348484375 0.7219602275390625 0.3819444443359375 0.692130681640625 0.380681818359375
1 0.7219602275390625 0.3819444443359375 0.72480113671875 0.4255050498046875 0.75676136328125 0.4261363642578125 0.75285511328125 0.384469697265625 0.7219602275390625 0.3819444443359375
0 0.75285511328125 0.384469697265625 0.7571164775390625 0.4255050498046875 0.79120738671875 0.4267676767578125 0.7848153408203125 0.384469697265625 0.75285511328125 0.384469697265625
1 0.7848153408203125 0.384469697265625 0.790142044921875 0.4261363642578125 0.8221022724609375 0.4248737373046875 0.8160653408203125 0.3825757568359375 0.7848153408203125 0.384469697265625
1 0.8160653408203125 0.3825757568359375 0.8217471591796875 0.427398990234375 0.8540625 0.4261363642578125 0.847670455078125 0.3838383837890625 0.8160653408203125 0.3825757568359375
1 0.0394736845703125 0.449561404296875 0.0201480263671875 0.4919590634765625 0.0489309208984375 0.4919590634765625 0.066200658203125 0.4510233916015625 0.0394736845703125 0.449561404296875
0 0.066200658203125 0.450031328125 0.0489309208984375 0.4902360068359375 0.0752467099609375 0.4924289892578125 0.0916940791015625 0.450762322265625 0.066200658203125 0.450031328125
1 0.0916940791015625 0.4517543857421875 0.074424341796875 0.494152046875 0.099917763671875 0.4948830400390625 0.1175986845703125 0.4510233916015625 0.0916940791015625 0.4517543857421875
0 0.1175986845703125 0.4510233916015625 0.099917763671875 0.493421052734375 0.128700658203125 0.4919590634765625 0.1435032900390625 0.4510233916015625 0.1175986845703125 0.4510233916015625
0 0.14309210546875 0.4502923974609375 0.1278782900390625 0.493421052734375 0.1583059208984375 0.4919590634765625 0.1714638154296875 0.449561404296875 0.14309210546875 0.4502923974609375
1 0.170641447265625 0.4510233916015625 0.15625 0.49561403515625 0.1842105263671875 0.4948830400390625 0.199424341796875 0.4517543857421875 0.170641447265625 0.4510233916015625
0 0.1998355263671875 0.4532163740234375 0.1870888154296875 0.4912280712890625 0.21628289453125 0.4912280712890625 0.2265625 0.4546783623046875 0.1998355263671875 0.4532163740234375
0 0.2265625 0.4546783623046875 0.214638158203125 0.49561403515625 0.24465460546875 0.494152046875 0.2557565791015625 0.4546783623046875 0.2265625 0.4546783623046875
1 0.2557565791015625 0.4546783623046875 0.243832236328125 0.4948830400390625 0.2730263154296875 0.496345029296875 0.2833059208984375 0.4561403515625 0.2557565791015625 0.4546783623046875
1 0.2845394736328125 0.455409357421875 0.272615130859375 0.496345029296875 0.300986841796875 0.4948830400390625 0.3120888154296875 0.452485380859375 0.2845394736328125 0.455409357421875
0 0.3310032900390625 0.4539473681640625 0.321546052734375 0.4948830400390625 0.3511513154296875 0.49269005859375 0.360608552734375 0.4517543857421875 0.3310032900390625 0.4539473681640625
1 0.360608552734375 0.4517543857421875 0.350740130859375 0.4970760234375 0.3824013154296875 0.4948830400390625 0.389391447265625 0.4539473681640625 0.360608552734375 0.4517543857421875
1 0.389391447265625 0.4539473681640625 0.381167763671875 0.4948830400390625 0.412417763671875 0.49561403515625 0.4185855263671875 0.452485380859375 0.389391447265625 0.4539473681640625
1 0.4185267861328125 0.452380953125 0.412388392578125 0.495039681640625 0.443080357421875 0.495039681640625 0.4486607138671875 0.452380953125 0.4185267861328125 0.452380953125
1 0.4486019736328125 0.45149331640625 0.441611841796875 0.49462197265625 0.472450658203125 0.49462197265625 0.477796052734375 0.450031328125 0.4486019736328125 0.45149331640625
0 0.477796052734375 0.4510233916015625 0.4720394736328125 0.496345029296875 0.5028782900390625 0.496345029296875 0.506167763671875 0.4510233916015625 0.477796052734375 0.4510233916015625
0 0.5074013154296875 0.4502923974609375 0.5028782900390625 0.4948830400390625 0.53371710546875 0.4948830400390625 0.537417763671875 0.4502923974609375 0.5074013154296875 0.4502923974609375
0 0.537417763671875 0.449561404296875 0.534950658203125 0.4948830400390625 0.566611841796875 0.49269005859375 0.5682565791015625 0.449561404296875 0.537417763671875 0.449561404296875
1 0.5674342099609375 0.44883041015625 0.566200658203125 0.493421052734375 0.597861841796875 0.494152046875 0.5995065791015625 0.44883041015625 0.5674342099609375 0.44883041015625
1 0.5995065791015625 0.44883041015625 0.5982730263671875 0.493421052734375 0.6307565791015625 0.49561403515625 0.63034539453125 0.4502923974609375 0.5995065791015625 0.44883041015625
1 0.6307565791015625 0.4502923974609375 0.63034539453125 0.494152046875 0.6640625 0.494152046875 0.6620065791015625 0.44883041015625 0.6307565791015625 0.4502923974609375
1 0.6620065791015625 0.44883041015625 0.663240130859375 0.4948830400390625 0.6973684208984375 0.49561403515625 0.694490130859375 0.4480994150390625 0.6620065791015625 0.44883041015625
1 0.694490130859375 0.4480994150390625 0.696957236328125 0.49561403515625 0.7310855263671875 0.4970760234375 0.7261513154296875 0.4480994150390625 0.694490130859375 0.4480994150390625
1 0.7269736845703125 0.449561404296875 0.730263158203125 0.4970760234375 0.7652138154296875 0.49561403515625 0.759457236328125 0.449561404296875 0.7269736845703125 0.449561404296875
0 0.76027960546875 0.4510233916015625 0.764391447265625 0.4948830400390625 0.7989309208984375 0.4970760234375 0.793174341796875 0.4510233916015625 0.76027960546875 0.4510233916015625
1 0.793174341796875 0.4510233916015625 0.79934210546875 0.497807017578125 0.834703947265625 0.4985380107421875 0.826891447265625 0.4517543857421875 0.793174341796875 0.4510233916015625
1 0.826891447265625 0.4517543857421875 0.834292763671875 0.499269005859375 0.865953947265625 0.4985380107421875 0.858141447265625 0.4532163740234375 0.826891447265625 0.4517543857421875
1 0.8989955361328125 0.6755952373046875 0.889391447265625 0.6096491220703125 0.8519736845703125 0.607456140625 0.861607142578125 0.677579365234375 0.8989955361328125 0.6755952373046875
1 0.861049107421875 0.6765873017578125 0.8519736845703125 0.607456140625 0.8145559208984375 0.607456140625 0.822544642578125 0.673611111328125 0.861049107421875 0.6765873017578125
1 0.822544642578125 0.6746031748046875 0.8145559208984375 0.607456140625 0.777549341796875 0.607456140625 0.782924107421875 0.6706349208984375 0.822544642578125 0.6746031748046875
1 0.783482142578125 0.672619046875 0.777549341796875 0.607456140625 0.7401315791015625 0.6045321640625 0.74609375 0.671626984375 0.783482142578125 0.672619046875
1 0.7455357138671875 0.6706349208984375 0.740542763671875 0.605263158203125 0.7035361845703125 0.6030701748046875 0.70703125 0.6706349208984375 0.7455357138671875 0.6706349208984375
1 0.7064732138671875 0.669642857421875 0.7035361845703125 0.6030701748046875 0.66652960546875 0.6016081875 0.6685267861328125 0.66765873046875 0.7064732138671875 0.669642857421875
1 0.6690848212890625 0.6666666669921875 0.6669407900390625 0.6030701748046875 0.631990130859375 0.600877193359375 0.6333705361328125 0.6656746025390625 0.6690848212890625 0.6666666669921875
1 0.03371710546875 0.5921052626953125 0.0127467099609375 0.6440058486328125 0.0435855263671875 0.644736841796875 0.0620888154296875 0.5928362568359375 0.03371710546875 0.5921052626953125
0 0.1829769736328125 0.5935672509765625 0.1646205361328125 0.657738095703125 0.196986607421875 0.6567460322265625 0.21340460546875 0.59429824609375 0.1829769736328125 0.5935672509765625
1 0.21340460546875 0.593306181640625 0.196986607421875 0.6567460322265625 0.2315848212890625 0.657738095703125 0.2467105263671875 0.593306181640625 0.21340460546875 0.593306181640625
1 0.2467105263671875 0.59429824609375 0.2314967099609375 0.6542397666015625 0.261924341796875 0.65570175390625 0.2767269736328125 0.595029240234375 0.2467105263671875 0.59429824609375
1 0.298519736328125 0.5994152041015625 0.28659539453125 0.6564327490234375 0.319490130859375 0.65570175390625 0.3301809208984375 0.6001461982421875 0.298519736328125 0.5994152041015625
1 0.3301809208984375 0.6001461982421875 0.3208705361328125 0.65972222265625 0.3515625 0.6607142861328125 0.3626644736328125 0.59722222265625 0.3301809208984375 0.6001461982421875
1 0.3626644736328125 0.59722222265625 0.3521205361328125 0.65972222265625 0.385044642578125 0.658730158203125 0.394736841796875 0.597953216796875 0.3626644736328125 0.59722222265625
1 0.394736841796875 0.597953216796875 0.385044642578125 0.6607142861328125 0.420200892578125 0.65972222265625 0.4276315791015625 0.59722222265625 0.394736841796875 0.597953216796875
1 0.42722039453125 0.5976921474609375 0.420200892578125 0.6607142861328125 0.4542410712890625 0.6636904765625 0.459703947265625 0.5984231416015625 0.42722039453125 0.5976921474609375
1 0.460115130859375 0.5994152041015625 0.454799107421875 0.6646825400390625 0.4893973212890625 0.6617063486328125 0.4950657900390625 0.5994152041015625 0.460115130859375 0.5994152041015625
0 0.49465460546875 0.6001461982421875 0.489955357421875 0.662698412109375 0.525111607421875 0.662698412109375 0.5283717099609375 0.5986842109375 0.49465460546875 0.6001461982421875
1 0.5283717099609375 0.5986842109375 0.525111607421875 0.6617063486328125 0.560267857421875 0.662698412109375 0.563322369140625 0.6001461982421875 0.5283717099609375 0.5986842109375
0 0.563322369140625 0.6001461982421875 0.560825892578125 0.6636904765625 0.5965401787109375 0.662698412109375 0.5970394736328125 0.597953216796875 0.563322369140625 0.6001461982421875
1 0.5970394736328125 0.5986842109375 0.5970982138671875 0.6636904765625 0.6322544638671875 0.662698412109375 0.6324013154296875 0.602339181640625 0.5970394736328125 0.5986842109375
0 0.0579769736328125 0.7061403515625 0.0341282900390625 0.7682748544921875 0.0674342099609375 0.766812865234375 0.08840460546875 0.7061403515625 0.0579769736328125 0.7061403515625
0 0.08840460546875 0.7061403515625 0.069078947265625 0.766812865234375 0.1126644736328125 0.767543859375 0.1295230263671875 0.705409357421875 0.08840460546875 0.7061403515625
1 0.131167763671875 0.7061403515625 0.1126644736328125 0.767543859375 0.152138158203125 0.7682748544921875 0.16940789453125 0.7068713447265625 0.131167763671875 0.7061403515625
1 0.168849859375 0.705148287109375 0.152402490234375 0.7658208017578125 0.191464990234375 0.7672827900390625 0.209145912109375 0.706610275390625 0.168849859375 0.705148287109375
0 0.209703947265625 0.7083333330078125 0.191611841796875 0.7704678359375 0.23190789453125 0.772660818359375 0.246299341796875 0.7105263154296875 0.209703947265625 0.7083333330078125
0 0.2471217099609375 0.7119883037109375 0.2314967099609375 0.774122806640625 0.275082236328125 0.7733918125 0.2886513154296875 0.709064328125 0.2471217099609375 0.7119883037109375
0 0.2886513154296875 0.708072263671875 0.2754934208984375 0.77239975 0.318667763671875 0.771668755859375 0.329769736328125 0.706610275390625 0.2886513154296875 0.708072263671875
0 0.329769736328125 0.7076023388671875 0.31784539453125 0.7733918125 0.3614309208984375 0.7719298251953125 0.37253289453125 0.7076023388671875 0.329769736328125 0.7076023388671875
0 0.37253289453125 0.7076023388671875 0.360608552734375 0.772660818359375 0.405427630859375 0.7704678359375 0.413240130859375 0.7083333330078125 0.37253289453125 0.7076023388671875
1 0.412828947265625 0.7105263154296875 0.40378289453125 0.77777777734375 0.44777960546875 0.777046783203125 0.453947369140625 0.7112573095703125 0.412828947265625 0.7105263154296875
0 0.453947369140625 0.7105263154296875 0.44777960546875 0.7792397666015625 0.4888980263671875 0.77777777734375 0.49465460546875 0.709795322265625 0.453947369140625 0.7105263154296875
1 0.49465460546875 0.709795322265625 0.488486841796875 0.777046783203125 0.530427630859375 0.7785087724609375 0.5341282900390625 0.7083333330078125 0.49465460546875 0.709795322265625
0 0.5341282900390625 0.7083333330078125 0.532072369140625 0.7785087724609375 0.574013158203125 0.78070175390625 0.574424341796875 0.709795322265625 0.5341282900390625 0.7083333330078125
1 0.574424341796875 0.709795322265625 0.5736019736328125 0.7792397666015625 0.6221217099609375 0.7814327490234375 0.6200657900390625 0.7112573095703125 0.574424341796875 0.709795322265625
0 0.6200657900390625 0.7112573095703125 0.6221217099609375 0.7814327490234375 0.664884869140625 0.7792397666015625 0.6620065791015625 0.71345029296875 0.6200657900390625 0.7112573095703125
1 0.107291666015625 0.1634259267578125 0.095833333984375 0.1875 0.116927083984375 0.186111111328125 0.127604166015625 0.161111111328125 0.107291666015625 0.1634259267578125
1 0.088802083984375 0.165740740234375 0.07578125 0.187962962890625 0.095833333984375 0.1875 0.108072916015625 0.162962962890625 0.088802083984375 0.165740740234375
0 0.226041666015625 0.1148148154296875 0.2171875 0.137037037109375 0.238020833984375 0.1356481484375 0.24609375 0.112962962890625 0.226041666015625 0.1148148154296875
0 0.245833333984375 0.112962962890625 0.237760416015625 0.136111111328125 0.259114583984375 0.13472222265625 0.267755681640625 0.111111111328125 0.245833333984375 0.112962962890625
0 0.30859375 0.111111111328125 0.301041666015625 0.134259259765625 0.322916666015625 0.1337962958984375 0.329166666015625 0.111111111328125 0.30859375 0.111111111328125
1 0.329166666015625 0.111111111328125 0.322395833984375 0.1333333330078125 0.345052083984375 0.1319444443359375 0.35078125 0.1101851845703125 0.329166666015625 0.111111111328125
1 0.35 0.111111111328125 0.344270833984375 0.1319444443359375 0.366927083984375 0.1324074072265625 0.371875 0.10972222265625 0.35 0.111111111328125
0 0.371875 0.10972222265625 0.3671875 0.1319444443359375 0.387239583984375 0.1333333330078125 0.392708333984375 0.109259259765625 0.371875 0.10972222265625
1 0.405208333984375 0.1083333330078125 0.400520833984375 0.13287037109375 0.423177083984375 0.1319444443359375 0.427864583984375 0.1069444443359375 0.405208333984375 0.1083333330078125
1 0.427864583984375 0.106481482421875 0.4234375 0.131481482421875 0.44609375 0.1300925927734375 0.450520833984375 0.1050925927734375 0.427864583984375 0.106481482421875
0 0.45078125 0.1050925927734375 0.446354166015625 0.1300925927734375 0.46796875 0.1287037041015625 0.471354166015625 0.1041666669921875 0.45078125 0.1050925927734375
0 0.47109375 0.1037037041015625 0.468229166015625 0.12962962890625 0.490885416015625 0.128240740234375 0.49375 0.1018518515625 0.47109375 0.1037037041015625
0 0.49375 0.1023148154296875 0.490885416015625 0.1273148154296875 0.512239583984375 0.126388888671875 0.515625 0.1018518515625 0.49375 0.1023148154296875
0 0.515625 0.10277777734375 0.512760416015625 0.125462962890625 0.535416666015625 0.123611111328125 0.5375 0.099537037109375 0.515625 0.10277777734375
0 0.5375 0.099537037109375 0.535677083984375 0.1231481484375 0.559635416015625 0.1226851845703125 0.559895833984375 0.09722222265625 0.5375 0.099537037109375
0 0.559895833984375 0.09722222265625 0.559375 0.1212962958984375 0.581770833984375 0.121759259765625 0.582552083984375 0.09722222265625 0.559895833984375 0.09722222265625
1 0.5828125 0.09722222265625 0.581510416015625 0.1212962958984375 0.604947916015625 0.118981482421875 0.605729166015625 0.093518517578125 0.5828125 0.09722222265625
0 0.605729166015625 0.093981482421875 0.6046875 0.1194444443359375 0.627864583984375 0.118518517578125 0.627864583984375 0.0916666669921875 0.605729166015625 0.093981482421875
1 0.627864583984375 0.0916666669921875 0.628125 0.118518517578125 0.65234375 0.11712962890625 0.652083333984375 0.0912037041015625 0.627864583984375 0.0916666669921875
1 0.652083333984375 0.0912037041015625 0.651822916015625 0.1166666669921875 0.676302083984375 0.11527777734375 0.67578125 0.0912037041015625 0.652083333984375 0.0912037041015625
0 0.67578125 0.0912037041015625 0.676302083984375 0.113888888671875 0.7 0.1148148154296875 0.6984375 0.09027777734375 0.67578125 0.0912037041015625
0 0.6984375 0.09027777734375 0.699479166015625 0.1166666669921875 0.72421875 0.1148148154296875 0.721614583984375 0.090740740234375 0.6984375 0.09027777734375
0 0.721614583984375 0.090740740234375 0.723958333984375 0.11527777734375 0.7484375 0.1143518515625 0.745572916015625 0.0884259267578125 0.721614583984375 0.090740740234375
0 0.745572916015625 0.0884259267578125 0.747916666015625 0.11527777734375 0.77421875 0.1134259267578125 0.7703125 0.088888888671875 0.745572916015625 0.0884259267578125
1 0.770052083984375 0.0884259267578125 0.773958333984375 0.1134259267578125 0.7984375 0.112962962890625 0.79375 0.0865740732421875 0.770052083984375 0.0884259267578125
0 0.662388392578125 0.7113095234375 0.6651785712890625 0.77777777734375 0.7114955361328125 0.779761904296875 0.7064732138671875 0.7142857138671875 0.662388392578125 0.7113095234375
1 0.7064732138671875 0.7142857138671875 0.7120535712890625 0.778769841796875 0.760044642578125 0.7807539677734375 0.7533482138671875 0.716269841796875 0.7064732138671875 0.7142857138671875
1 0.7527901787109375 0.716269841796875 0.7589285712890625 0.779761904296875 0.8097098212890625 0.7807539677734375 0.80078125 0.717261904296875 0.7527901787109375 0.716269841796875
0 0.80078125 0.717261904296875 0.8091517861328125 0.7807539677734375 0.8549107138671875 0.779761904296875 0.845424107421875 0.7142857138671875 0.80078125 0.717261904296875
0 0.1568080361328125 0.1458333330078125 0.177455357421875 0.14484126953125 0.185825892578125 0.120039681640625 0.165736607421875 0.1220238095703125 0.1568080361328125 0.1458333330078125
0 0.1847098212890625 0.119047619140625 0.1768973212890625 0.142857142578125 0.1981026787109375 0.14384920703125 0.2064732138671875 0.1160714287109375 0.1847098212890625 0.119047619140625
1 0.2064732138671875 0.115079365234375 0.1997767861328125 0.1418650791015625 0.217075892578125 0.140873015625 0.2260044638671875 0.1130952373046875 0.2064732138671875 0.115079365234375
1 0.2890625 0.111111111328125 0.28125 0.1325757568359375 0.302911931640625 0.1325757568359375 0.30823863671875 0.111742423828125 0.2890625 0.111111111328125
0 0.260298294921875 0.1332070712890625 0.279829544921875 0.1319444443359375 0.2883522724609375 0.111111111328125 0.267755681640625 0.111111111328125 0.260298294921875 0.1332070712890625