1 0.5580357138671875 0.717261904296875 0.4849330361328125 0.75396825390625 0.5306919638671875 0.8511904765625 0.6088169638671875 0.8055555556640625 0.5580357138671875 0.717261904296875
1 0.579799107421875 0.6130952373046875 0.5189732138671875 0.6507936513671875 0.5636160712890625 0.725198412109375 0.62890625 0.6865079365234374 0.579799107421875 0.6130952373046875
1 0.6021205361328125 0.528769841796875 0.5479910712890625 0.55853174609375 0.5831473212890625 0.6130952373046875 0.640625 0.58134920703125 0.6021205361328125 0.528769841796875
1 0.615513392578125 0.45734126953125 0.5697544638671875 0.482142857421875 0.6082589287109375 0.5367063486328125 0.6635044638671875 0.505952380859375 0.615513392578125 0.45734126953125
1 0.6395089287109375 0.346230158203125 0.6015625 0.365079365234375 0.638950892578125 0.4017857138671875 0.6808035712890625 0.3779761904296875 0.6395089287109375 0.346230158203125
1 0.630580357421875 0.3978174599609375 0.5864955361328125 0.419642857421875 0.6222098212890625 0.4613095234375 0.6674107138671875 0.4375 0.630580357421875 0.3978174599609375
1 0.2840401787109375 0.47222222265625 0.2650669638671875 0.43353174609375 0.2075892861328125 0.455357142578125 0.2220982138671875 0.4990079365234375 0.2840401787109375 0.47222222265625
1 0.263950892578125 0.4345238095703125 0.322544642578125 0.40972222265625 0.3041294638671875 0.3779761904296875 0.2505580361328125 0.3988095234375 0.263950892578125 0.4345238095703125
1 0.3526785712890625 0.359126984375 0.3348214287109375 0.33134920703125 0.2896205361328125 0.350198412109375 0.3052455361328125 0.37896825390625 0.3526785712890625 0.359126984375
1 0.3794642861328125 0.3134920634765625 0.3638392861328125 0.2906746025390625 0.32421875 0.306547619140625 0.337611607421875 0.33134920703125 0.3794642861328125 0.3134920634765625
1 0.407924107421875 0.274801587890625 0.3939732138671875 0.255952380859375 0.353236607421875 0.267857142578125 0.3666294638671875 0.2896825400390625 0.407924107421875 0.274801587890625
1 0.0072544638671875 0.615079365234375 0.0089285712890625 0.662698412109375 0.0848214287109375 0.6339285712890625 0.0775669638671875 0.5892857138671875 0.0072544638671875 0.615079365234375
1 0.0697544638671875 0.5357142861328125 0.0753348212890625 0.577380953125 0.14453125 0.547619046875 0.1339285712890625 0.5089285712890625 0.0697544638671875 0.5357142861328125
1 0.1238839287109375 0.470238095703125 0.1322544638671875 0.5009920634765626 0.1947544638671875 0.4771825400390625 0.185267857421875 0.4464285712890625 0.1238839287109375 0.470238095703125
1 0.1752232138671875 0.40972222265625 0.181919642578125 0.4394841259765625 0.2416294638671875 0.4166666669921875 0.2271205361328125 0.384920634765625 0.1752232138671875 0.40972222265625
1 0.217075892578125 0.3621031748046875 0.2271205361328125 0.3859126982421875 0.2784598212890625 0.3640873017578125 0.2661830361328125 0.337301587890625 0.217075892578125 0.3621031748046875