1 0.5558035712890625 0.720238095703125 0.4849330361328125 0.75396825390625 0.5306919638671875 0.8511904765625 0.6088169638671875 0.8055555556640625 0.5558035712890625 0.720238095703125
1 0.579799107421875 0.6130952373046875 0.5189732138671875 0.6507936513671875 0.5636160712890625 0.725198412109375 0.62890625 0.6865079365234374 0.579799107421875 0.6130952373046875
1 0.5982142861328125 0.537698412109375 0.5440848212890625 0.567460318359375 0.5792410712890625 0.6220238095703124 0.63671875 0.59027777734375 0.5982142861328125 0.537698412109375
1 0.615513392578125 0.45734126953125 0.560825892578125 0.485119046875 0.607142857421875 0.5406746025390625 0.66015625 0.509920634765625 0.615513392578125 0.45734126953125
1 0.640625 0.3511904765625 0.595424107421875 0.37103174609375 0.6328125 0.407738095703125 0.6785714287109375 0.3839285712890625 0.640625 0.3511904765625
1 0.6244419638671875 0.40277777734375 0.578125 0.427579365234375 0.619419642578125 0.4642857138671875 0.666294642578125 0.442460318359375 0.6244419638671875 0.40277777734375
1 0.2818080361328125 0.4771825400390625 0.2628348212890625 0.4384920634765625 0.205357142578125 0.4603174599609375 0.2198660712890625 0.50396825390625 0.2818080361328125 0.4771825400390625
1 0.263392857421875 0.4375 0.3191964287109375 0.412698412109375 0.30078125 0.380952380859375 0.2472098212890625 0.4017857138671875 0.263392857421875 0.4375
1 0.3521205361328125 0.3640873017578125 0.3353794638671875 0.3353174599609375 0.28515625 0.35515873046875 0.30078125 0.3839285712890625 0.3521205361328125 0.3640873017578125
1 0.37890625 0.31646825390625 0.3638392861328125 0.29265873046875 0.3203125 0.30853174609375 0.333705357421875 0.3333333330078125 0.37890625 0.31646825390625
1 0.404575892578125 0.274801587890625 0.3895089287109375 0.255952380859375 0.3487723212890625 0.267857142578125 0.3621651787109375 0.2896825400390625 0.404575892578125 0.274801587890625
1 0.0044642861328125 0.6160714287109375 0.006138392578125 0.6636904765625 0.08203125 0.634920634765625 0.0747767861328125 0.59027777734375 0.0044642861328125 0.6160714287109375
1 0.0658482138671875 0.5406746025390625 0.0714285712890625 0.58234126953125 0.140625 0.552579365234375 0.1300223212890625 0.513888888671875 0.0658482138671875 0.5406746025390625
1 0.1205357138671875 0.470238095703125 0.12890625 0.5009920634765626 0.19140625 0.4771825400390625 0.181919642578125 0.4464285712890625 0.1205357138671875 0.470238095703125
1 0.174107142578125 0.412698412109375 0.1808035712890625 0.442460318359375 0.240513392578125 0.419642857421875 0.2260044638671875 0.3878968251953125 0.174107142578125 0.412698412109375
1 0.2159598212890625 0.3640873017578125 0.2260044638671875 0.3878968251953125 0.27734375 0.3660714287109375 0.2650669638671875 0.3392857138671875 0.2159598212890625 0.3640873017578125
1 0.5345982138671875 0.4632936513671875 0.4799107138671875 0.4910714287109375 0.506138392578125 0.53472222265625 0.5658482138671875 0.504960318359375 0.5345982138671875 0.4632936513671875
1 0.552455357421875 0.404761904296875 0.501674107421875 0.432539681640625 0.5267857138671875 0.467261904296875 0.5853794638671875 0.4384920634765625 0.552455357421875 0.404761904296875
1 0.685267857421875 0.3363095234375 0.654017857421875 0.3055555556640625 0.607142857421875 0.3214285712890625 0.6400669638671875 0.3521825400390625 0.685267857421875 0.3363095234375
1 0.693638392578125 0.29265873046875 0.6612723212890625 0.2628968251953125 0.6216517861328125 0.2807539677734375 0.6556919638671875 0.3095238095703125 0.693638392578125 0.29265873046875