1 0.125 0.125 0.1640625 0.162109375
1 0.12451171875 0.28515625 0.1650390625 0.158203125
1 0.12451171875 0.44287109375 0.1650390625 0.158203125
1 0.12451171875 0.57861328125 0.16552734375 0.11279296875
1 0.12451171875 0.6943359375 0.16650390625 0.119140625
1 0.123046875 0.81005859375 0.169921875 0.11181640625
1 0.1220703125 0.923828125 0.16845703125 0.1162109375
1 0.30029296875 0.92333984375 0.16796875 0.1171875
1 0.30029296875 0.80908203125 0.16796875 0.11181640625
1 0.2998046875 0.6943359375 0.1669921875 0.1171875
1 0.29931640625 0.578125 0.16845703125 0.1162109375
1 0.2998046875 0.4404296875 0.16943359375 0.1591796875
1 0.29931640625 0.28271484375 0.169921875 0.1572265625
1 0.29931640625 0.12548828125 0.169921875 0.1572265625
1 0.70166015625 0.09130859375 0.17431640625 0.15087890625
1 0.70166015625 0.2470703125 0.17333984375 0.16015625
1 0.701171875 0.4033203125 0.17236328125 0.15283203125
1 0.70068359375 0.55908203125 0.1728515625 0.158203125
1 0.7001953125 0.6953125 0.17236328125 0.115234375
1 0.70068359375 0.81005859375 0.17138671875 0.11376953125
1 0.701171875 0.92626953125 0.17236328125 0.119140625
1 0.88037109375 0.92626953125 0.16650390625 0.115234375
1 0.88037109375 0.81103515625 0.16650390625 0.1162109375
1 0.8798828125 0.6943359375 0.1650390625 0.1171875
1 0.87890625 0.55810546875 0.16650390625 0.15576171875
1 0.87841796875 0.40283203125 0.16552734375 0.15380859375
1 0.87939453125 0.2470703125 0.1640625 0.158203125
1 0.87841796875 0.0908203125 0.1630859375 0.15380859375