1 0.2958984375 0.27392578125 0.1103515625 0.2978515625
1 0.75634765625 0.27685546875 0.10546875 0.3056640625
1 0.40869140625 0.27392578125 0.1123046875 0.294921875
0 0.06494140625 0.275390625 0.111328125 0.294921875
0 0.41162109375 0.85791015625 0.1142578125 0.1298828125
0 0.63916015625 0.27392578125 0.111328125 0.294921875
0 0.525390625 0.265625 0.1123046875 0.2802734375
0 0.17822265625 0.27734375 0.1142578125 0.2958984375
0 0.64208984375 0.85595703125 0.11328125 0.1328125
0 0.5263671875 0.857421875 0.1123046875 0.130859375
0 0.29736328125 0.86181640625 0.115234375 0.138671875
0 0.181640625 0.8603515625 0.1123046875 0.1328125
0 0.068359375 0.86279296875 0.11328125 0.1328125
0 0.76025390625 0.85400390625 0.1162109375 0.1396484375
0 0.8759765625 0.8544921875 0.12109375 0.140625