1 0.61083984375 0.59423828125 0.0654296875 0.1884765625
1 0.92578125 0.59326171875 0.0615234375 0.193359375
1 0.42138671875 0.78369140625 0.06494140625 0.1865234375
1 0.73681640625 0.58984375 0.0625 0.1943359375
0 0.0908203125 0.595703125 0.06396484375 0.18359375
0 0.09326171875 0.78515625 0.060546875 0.1875
0 0.1611328125 0.78515625 0.06201171875 0.1904296875
0 0.2265625 0.7841796875 0.0595703125 0.185546875
0 0.2275390625 0.5966796875 0.06298828125 0.181640625
0 0.15966796875 0.5966796875 0.068359375 0.1826171875
0 0.3564453125 0.783203125 0.0595703125 0.1865234375
0 0.29052734375 0.7841796875 0.06005859375 0.189453125
0 0.29052734375 0.59521484375 0.060546875 0.18359375
0 0.02880859375 0.59521484375 0.0576171875 0.1787109375
0 0.02978515625 0.7841796875 0.0595703125 0.1845703125
0 0.35693359375 0.595703125 0.0654296875 0.181640625
0 0.42138671875 0.59716796875 0.0595703125 0.1845703125
0 0.484375 0.5966796875 0.06640625 0.185546875
0 0.484375 0.78466796875 0.06640625 0.1904296875
0 0.54833984375 0.7861328125 0.0615234375 0.189453125
0 0.5478515625 0.595703125 0.0625 0.189453125
0 0.6767578125 0.59423828125 0.0625 0.1884765625
0 0.67578125 0.7890625 0.060546875 0.189453125
0 0.80126953125 0.78466796875 0.0654296875 0.1923828125
0 0.80224609375 0.59228515625 0.0615234375 0.1943359375
0 0.86328125 0.5908203125 0.060546875 0.1953125
0 0.8642578125 0.78857421875 0.056640625 0.1943359375
1 0.9267578125 0.79052734375 0.060546875 0.1923828125
1 0.7392578125 0.78662109375 0.05859375 0.1884765625
1 0.61279296875 0.787109375 0.0634765625 0.1875
0 0.86279296875 0.18798828125 0.0576171875 0.1865234375
0 0.92333984375 0.1875 0.0595703125 0.181640625