1 0.13736263671875 0.2246153837890625 0.1098901103515625 0.3 0.153846154296875 0.2984615380859375 0.178021978515625 0.226153845703125 0.13736263671875 0.2246153837890625
1 0.153846154296875 0.2984615380859375 0.205494505859375 0.2953846162109375 0.222077921875 0.2236363642578125 0.17582417578125 0.226153845703125 0.153846154296875 0.2984615380859375
1 0.265584416015625 0.2227272724609375 0.2222277724609375 0.222517482421875 0.2064935068359375 0.2936363642578125 0.250649349609375 0.2927272724609375 0.265584416015625 0.2227272724609375
1 0.25 0.2936363642578125 0.300649349609375 0.291818181640625 0.3110389619140625 0.22 0.265584416015625 0.2227272724609375 0.25 0.2936363642578125
1 0.3 0.2936363642578125 0.35 0.2927272724609375 0.35779220703125 0.2172727275390625 0.309740259765625 0.21909091015625 0.3 0.2936363642578125
1 0.357142857421875 0.218181818359375 0.3474025966796875 0.2945454541015625 0.4032467529296875 0.2936363642578125 0.409740259765625 0.2154545458984375 0.357142857421875 0.218181818359375
1 0.4564935068359375 0.2127272724609375 0.409740259765625 0.2154545458984375 0.4019480517578125 0.2927272724609375 0.4532467529296875 0.29090908984375 0.4564935068359375 0.2127272724609375
1 0.5019480517578125 0.2145454541015625 0.4551948056640625 0.2172727275390625 0.4538961044921875 0.29090908984375 0.5032467529296875 0.288181818359375 0.5019480517578125 0.2145454541015625
1 0.5019480517578125 0.2145454541015625 0.5032467529296875 0.288181818359375 0.5519480517578125 0.2845454541015625 0.549350650390625 0.2154545458984375 0.5019480517578125 0.2145454541015625
1 0.5519480517578125 0.2845454541015625 0.6 0.2845454541015625 0.5941558447265625 0.2136363642578125 0.548701298828125 0.2163636357421875 0.5519480517578125 0.2845454541015625
1 0.598701298828125 0.28090908984375 0.649350650390625 0.28 0.6376623369140625 0.21090908984375 0.592857142578125 0.2127272724609375 0.598701298828125 0.28090908984375
0 0.7435064931640625 0.28 0.726623376953125 0.20909091015625 0.681818181640625 0.21 0.692857142578125 0.281818181640625 0.7435064931640625 0.28
0 0.69220779296875 0.28090908984375 0.6811688310546875 0.21 0.6383116884765625 0.211818181640625 0.648701298828125 0.2827272724609375 0.69220779296875 0.28090908984375
0 0.773376623046875 0.20909091015625 0.7285714287109375 0.20909091015625 0.7435064931640625 0.28090908984375 0.79220779296875 0.28090908984375 0.773376623046875 0.20909091015625
1 0.7727272724609375 0.20909091015625 0.790909091796875 0.28 0.840259740234375 0.27909091015625 0.8188311689453125 0.20909091015625 0.7727272724609375 0.20909091015625
1 0.8188311689453125 0.20909091015625 0.840259740234375 0.28 0.8863636357421875 0.28 0.859090908203125 0.21090908984375 0.8188311689453125 0.20909091015625
1 0.9045454541015625 0.211818181640625 0.859090908203125 0.21090908984375 0.8863636357421875 0.278181818359375 0.9363636357421875 0.28 0.9045454541015625 0.211818181640625
1 0.059740259765625 0.44909091015625 0.0201298701171875 0.561818181640625 0.081818181640625 0.56 0.1136363642578125 0.448181818359375 0.059740259765625 0.44909091015625
1 0.114935064453125 0.4463636357421875 0.0831168828125 0.56090908984375 0.1435064931640625 0.56 0.16948051953125 0.4463636357421875 0.114935064453125 0.4463636357421875
1 0.1974025966796875 0.56 0.222077921875 0.4454545458984375 0.1707792216796875 0.4463636357421875 0.1448051943359375 0.55909091015625 0.1974025966796875 0.56
0 0.1980519482421875 0.55909091015625 0.2545454541015625 0.558181818359375 0.27532467578125 0.4463636357421875 0.2214285712890625 0.4472727275390625 0.1980519482421875 0.55909091015625
1 0.275974025390625 0.4472727275390625 0.2545454541015625 0.55909091015625 0.317532466796875 0.5572727275390625 0.3331168828125 0.448181818359375 0.275974025390625 0.4472727275390625
0 0.3941558447265625 0.441818181640625 0.385064935546875 0.558181818359375 0.4461038955078125 0.558181818359375 0.451298701171875 0.44 0.3941558447265625 0.441818181640625
1 0.451298701171875 0.44 0.4454545458984375 0.558181818359375 0.507142857421875 0.5563636357421875 0.5064935068359375 0.44 0.451298701171875 0.44
1 0.5058441552734375 0.44090908984375 0.507142857421875 0.5563636357421875 0.5688311689453125 0.5545454541015625 0.5610389619140626 0.44090908984375 0.5058441552734375 0.44090908984375
0 0.5610389619140626 0.44090908984375 0.568181818359375 0.5527272724609374 0.6292207783203125 0.55 0.615584416015625 0.438181818359375 0.5610389619140626 0.44090908984375
0 0.615584416015625 0.438181818359375 0.6272727275390625 0.55 0.690909091796875 0.55090908984375 0.6714285712890625 0.44 0.615584416015625 0.438181818359375
1 0.6714285712890625 0.44 0.6889610380859374 0.5572727275390625 0.7538961044921875 0.5572727275390625 0.7298701298828125 0.44 0.6714285712890625 0.44
1 0.7525974033203126 0.5536363642578125 0.8129870126953125 0.5527272724609374 0.783766234375 0.44 0.731818181640625 0.44 0.7525974033203126 0.5536363642578125
1 0.785064935546875 0.438181818359375 0.8116883115234375 0.5554545458984375 0.8727272724609375 0.551818181640625 0.840259740234375 0.43909091015625 0.785064935546875 0.438181818359375
0 0.8714285712890625 0.5554545458984375 0.9298701298828125 0.55090908984375 0.890909091796875 0.4372727275390625 0.8389610380859375 0.438181818359375 0.8714285712890625 0.5554545458984375
1 0.823376623046875 0.6072727275390625 0.759090908203125 0.60909091015625 0.7870129873046875 0.7536363642578126 0.8564935068359375 0.7445454541015625 0.823376623046875 0.6072727275390625
1 0.7201298701171875 0.76 0.7870129873046875 0.758181818359375 0.75844155859375 0.61090908984375 0.6980519482421875 0.61 0.7201298701171875 0.76
1 0.648701298828125 0.7527272724609375 0.718181818359375 0.748181818359375 0.6974025966796875 0.6054545458984375 0.6331168828125 0.6072727275390625 0.648701298828125 0.7527272724609375
1 0.634415583984375 0.6072727275390625 0.5707792216796875 0.61090908984375 0.5798701298828125 0.758181818359375 0.65 0.75090908984375 0.634415583984375 0.6072727275390625
1 0.50779220703125 0.6145454541015625 0.5129870126953125 0.7645454541015625 0.5785714287109375 0.761818181640625 0.572077921875 0.6127272724609375 0.50779220703125 0.6145454541015625
1 0.374025974609375 0.761818181640625 0.38051948046875 0.61 0.3110389619140625 0.6072727275390625 0.2974025966796875 0.7636363642578124 0.374025974609375 0.761818181640625
1 0.224025974609375 0.7645454541015625 0.2974025966796875 0.7636363642578124 0.3110389619140625 0.611818181640625 0.25 0.611818181640625 0.224025974609375 0.7645454541015625
1 0.248701298828125 0.6145454541015625 0.185064935546875 0.6145454541015625 0.1564935068359375 0.7663636357421875 0.22467532421875 0.7645454541015625 0.248701298828125 0.6145454541015625
1 0.0883116884765625 0.77 0.15844155859375 0.768181818359375 0.1870129873046875 0.6154545458984375 0.126623376953125 0.6163636357421876 0.0883116884765625 0.77
0 0.7045454541015626 0.1054545458984375 0.71948051953125 0.1754545458984375 0.7629870126953125 0.1736363642578125 0.7448051943359375 0.1054545458984375 0.7045454541015626 0.1054545458984375
1 0.7629870126953125 0.1736363642578125 0.80779220703125 0.17090908984375 0.7870129873046875 0.1045454541015625 0.7454545458984375 0.1054545458984375 0.7629870126953125 0.1736363642578125
0 0.807142857421875 0.1727272724609375 0.848701298828125 0.171818181640625 0.827922078125 0.1072727275390625 0.7883116884765625 0.1063636357421875 0.807142857421875 0.1727272724609375
0 0.8707792216796875 0.108181818359375 0.8272727275390624 0.108181818359375 0.849350650390625 0.17090908984375 0.8935064931640625 0.171818181640625 0.8707792216796875 0.108181818359375