0 0.9150390625 0.64794921875 0.0498046875 0.158203125
0 0.86474609375 0.64794921875 0.05078125 0.158203125
0 0.81396484375 0.64697265625 0.05078125 0.15576171875
0 0.76416015625 0.64794921875 0.04931640625 0.15380859375
0 0.71484375 0.64794921875 0.04833984375 0.15380859375
0 0.66455078125 0.64794921875 0.05224609375 0.15380859375
0 0.61376953125 0.64697265625 0.0498046875 0.15380859375
0 0.564453125 0.646484375 0.04833984375 0.15478515625
0 0.51806640625 0.646484375 0.04443359375 0.15478515625
0 0.46875 0.646484375 0.0537109375 0.15478515625
0 0.41650390625 0.64599609375 0.05126953125 0.15380859375
0 0.36767578125 0.64599609375 0.0458984375 0.15380859375
0 0.318359375 0.64697265625 0.0537109375 0.15380859375
1 0.2685546875 0.64599609375 0.04833984375 0.14990234375
1 0.21923828125 0.6455078125 0.04833984375 0.15087890625
0 0.17041015625 0.6455078125 0.04833984375 0.15087890625
1 0.1220703125 0.6455078125 0.04833984375 0.15087890625
0 0.91552734375 0.8251953125 0.052734375 0.16015625
0 0.8642578125 0.82568359375 0.0498046875 0.1591796875
0 0.81298828125 0.82666015625 0.05224609375 0.1611328125
0 0.76318359375 0.82666015625 0.0478515625 0.1591796875
0 0.712890625 0.82568359375 0.05224609375 0.1572265625
0 0.66259765625 0.82568359375 0.05126953125 0.15478515625
0 0.61328125 0.82470703125 0.04736328125 0.1572265625
1 0.56494140625 0.82470703125 0.0498046875 0.1572265625
0 0.5146484375 0.8232421875 0.05078125 0.15576171875
1 0.46435546875 0.82373046875 0.04638671875 0.1611328125
1 0.4150390625 0.82080078125 0.05126953125 0.16015625
0 0.36669921875 0.8232421875 0.04638671875 0.162109375
1 0.31689453125 0.822265625 0.0537109375 0.1611328125
1 0.2666015625 0.822265625 0.04736328125 0.1611328125
1 0.21875 0.82470703125 0.04833984375 0.1650390625
1 0.1708984375 0.82421875 0.04736328125 0.166015625
1 0.12060546875 0.82373046875 0.052734375 0.1650390625
0 0.9111328125 0.31494140625 0.052734375 0.15185546875
0 0.85986328125 0.314453125 0.04931640625 0.15283203125
0 0.81103515625 0.31494140625 0.04833984375 0.15380859375
0 0.76123046875 0.314453125 0.05078125 0.15478515625
0 0.712890625 0.3154296875 0.0458984375 0.15283203125
0 0.66455078125 0.31689453125 0.05126953125 0.14990234375
0 0.61181640625 0.31787109375 0.0537109375 0.15185546875
0 0.56201171875 0.31689453125 0.04638671875 0.15380859375
0 0.5146484375 0.31591796875 0.04833984375 0.15185546875
0 0.4658203125 0.31689453125 0.04833984375 0.14990234375
1 0.4150390625 0.3173828125 0.052734375 0.15087890625
1 0.365234375 0.318359375 0.04736328125 0.14892578125
0 0.31884765625 0.318359375 0.0458984375 0.14892578125
1 0.26953125 0.31787109375 0.052734375 0.14990234375
1 0.22021484375 0.318359375 0.0458984375 0.15087890625
0 0.171875 0.3193359375 0.05078125 0.14892578125
1 0.12255859375 0.3193359375 0.0478515625 0.14892578125
0 0.123046875 0.14794921875 0.04931640625 0.14697265625
0 0.17333984375 0.14794921875 0.05078125 0.14697265625
0 0.2216796875 0.14794921875 0.04638671875 0.14697265625
0 0.271484375 0.1474609375 0.0498046875 0.14599609375
0 0.31982421875 0.1474609375 0.04736328125 0.14599609375
0 0.36865234375 0.1494140625 0.0498046875 0.14306640625
0 0.4169921875 0.150390625 0.04638671875 0.14501953125
0 0.466796875 0.14697265625 0.0537109375 0.15087890625
0 0.5166015625 0.14599609375 0.04638671875 0.14892578125
0 0.56396484375 0.14501953125 0.04638671875 0.15087890625
0 0.61279296875 0.1455078125 0.0498046875 0.14794921875
0 0.66455078125 0.14453125 0.052734375 0.14990234375
0 0.7138671875 0.14453125 0.04638671875 0.14990234375
0 0.7626953125 0.142578125 0.05126953125 0.15380859375
0 0.8125 0.142578125 0.0478515625 0.15380859375
0 0.8603515625 0.1416015625 0.0478515625 0.15576171875
0 0.91015625 0.1416015625 0.05126953125 0.15576171875