1 0.20263671875 0.53759765625 0.05810546875 0.09326171875
1 0.68310546875 0.63330078125 0.0615234375 0.08740234375
1 0.26220703125 0.82421875 0.0556640625 0.08740234375
1 0.142578125 0.6318359375 0.05712890625 0.09423828125
1 0.32275390625 0.63134765625 0.0576171875 0.08935546875
1 0.32373046875 0.53955078125 0.0595703125 0.09521484375
0 0.38525390625 0.62939453125 0.0625 0.08251953125
0 0.3818359375 0.8251953125 0.056640625 0.08544921875
0 0.26220703125 0.63330078125 0.060546875 0.09423828125
0 0.4423828125 0.62939453125 0.0537109375 0.08251953125
0 0.32080078125 0.82421875 0.056640625 0.08447265625
0 0.5673828125 0.826171875 0.0537109375 0.08349609375
0 0.44287109375 0.82470703125 0.056640625 0.08544921875
1 0.02880859375 0.080078125 0.0576171875 0.078125
0 0.08935546875 0.08056640625 0.0595703125 0.0791015625
0 0.14697265625 0.08056640625 0.0576171875 0.0791015625
0 0.205078125 0.08154296875 0.05859375 0.0771484375
0 0.26513671875 0.0830078125 0.0595703125 0.08203125
0 0.3232421875 0.08154296875 0.060546875 0.0810546875
0 0.3837890625 0.08349609375 0.060546875 0.0810546875
0 0.44384765625 0.0830078125 0.0595703125 0.08203125
0 0.50048828125 0.0830078125 0.0556640625 0.080078125
1 0.5615234375 0.0849609375 0.060546875 0.08203125
0 0.62255859375 0.083984375 0.0556640625 0.08203125
1 0.08349609375 0.3525390625 0.0615234375 0.08203125
1 0.32666015625 0.2724609375 0.0576171875 0.08203125
1 0.85791015625 0.08642578125 0.0556640625 0.0849609375
1 0.919921875 0.2734375 0.060546875 0.080078125
1 0.859375 0.36181640625 0.0625 0.0810546875
1 0.80126953125 0.3603515625 0.0537109375 0.083984375
1 0.74267578125 0.36181640625 0.0634765625 0.0869140625
1 0.6826171875 0.361328125 0.056640625 0.087890625
1 0.08349609375 0.53857421875 0.0595703125 0.0869140625
1 0.02880859375 0.6357421875 0.0576171875 0.08984375
1 0.3857421875 0.53955078125 0.0625 0.0947265625
1 0.44287109375 0.53662109375 0.0537109375 0.0986328125
1 0.4990234375 0.53662109375 0.05859375 0.0986328125
1 0.5595703125 0.53515625 0.0625 0.1015625
1 0.49755859375 0.63232421875 0.0556640625 0.0869140625
1 0.56103515625 0.63134765625 0.0654296875 0.0888671875
1 0.681640625 0.5380859375 0.05859375 0.1015625
1 0.80419921875 0.5361328125 0.0595703125 0.103515625
1 0.8642578125 0.53662109375 0.0546875 0.1005859375
1 0.92138671875 0.537109375 0.0595703125 0.099609375
1 0.80322265625 0.63232421875 0.0615234375 0.0849609375
1 0.86279296875 0.63134765625 0.0576171875 0.0869140625
1 0.92138671875 0.6318359375 0.0595703125 0.087890625
1 0.0830078125 0.8251953125 0.0625 0.087890625
1 0.08154296875 0.91357421875 0.0654296875 0.0869140625
1 0.1416015625 0.91357421875 0.0546875 0.0888671875
1 0.26318359375 0.9130859375 0.0576171875 0.091796875
1 0.32080078125 0.9140625 0.0576171875 0.08984375
1 0.37939453125 0.9130859375 0.0595703125 0.087890625
1 0.4404296875 0.91455078125 0.060546875 0.0830078125
1 0.50537109375 0.826171875 0.0615234375 0.087890625
1 0.5029296875 0.91357421875 0.060546875 0.0849609375
1 0.56494140625 0.9150390625 0.0595703125 0.087890625
1 0.6259765625 0.9150390625 0.0625 0.087890625
1 0.68603515625 0.9150390625 0.0576171875 0.0859375
1 0.74658203125 0.91552734375 0.0595703125 0.0869140625
1 0.8046875 0.916015625 0.056640625 0.0859375
1 0.86572265625 0.9150390625 0.0615234375 0.087890625
1 0.9287109375 0.9150390625 0.060546875 0.087890625
1 0.92822265625 0.82421875 0.0615234375 0.08984375
1 0.86474609375 0.826171875 0.0634765625 0.091796875
1 0.80517578125 0.82763671875 0.0556640625 0.0888671875
1 0.7470703125 0.82763671875 0.060546875 0.0888671875
1 0.68798828125 0.82763671875 0.0576171875 0.0888671875
1 0.626953125 0.826171875 0.064453125 0.0859375
0 0.6806640625 0.0849609375 0.060546875 0.08203125
0 0.73876953125 0.0849609375 0.0556640625 0.083984375
0 0.7978515625 0.0849609375 0.0625 0.083984375
0 0.9150390625 0.08544921875 0.05859375 0.0849609375
0 0.0849609375 0.27099609375 0.064453125 0.0732421875
0 0.025390625 0.27099609375 0.05078125 0.0732421875
0 0.02490234375 0.3505859375 0.0498046875 0.080078125
0 0.14794921875 0.353515625 0.0595703125 0.083984375
0 0.14599609375 0.271484375 0.0576171875 0.080078125
0 0.20556640625 0.27294921875 0.0615234375 0.0830078125
0 0.265625 0.27197265625 0.05859375 0.0849609375
0 0.384765625 0.27392578125 0.056640625 0.0849609375
0 0.44384765625 0.27392578125 0.0595703125 0.0849609375
0 0.501953125 0.2734375 0.056640625 0.083984375
0 0.56103515625 0.27392578125 0.0615234375 0.0830078125
0 0.62060546875 0.27392578125 0.0576171875 0.0830078125
0 0.6796875 0.27587890625 0.060546875 0.0791015625
0 0.740234375 0.27490234375 0.060546875 0.0771484375
0 0.7998046875 0.275390625 0.0625 0.08203125
0 0.8603515625 0.27490234375 0.0546875 0.0791015625
0 0.923828125 0.3603515625 0.060546875 0.083984375
0 0.625 0.35791015625 0.05859375 0.0830078125
0 0.56396484375 0.357421875 0.0595703125 0.08203125
0 0.20703125 0.35595703125 0.056640625 0.0771484375
0 0.26513671875 0.35546875 0.0595703125 0.076171875
0 0.326171875 0.35595703125 0.05859375 0.0771484375
0 0.38427734375 0.35546875 0.0576171875 0.078125
0 0.4423828125 0.35400390625 0.05859375 0.0771484375
0 0.50341796875 0.35400390625 0.0615234375 0.0771484375
0 0.02734375 0.5400390625 0.0546875 0.08984375
0 0.1435546875 0.53955078125 0.052734375 0.0888671875
0 0.08544921875 0.6318359375 0.0537109375 0.08984375
0 0.26220703125 0.53759765625 0.0615234375 0.0908203125
0 0.2021484375 0.63134765625 0.05859375 0.0869140625
0 0.6240234375 0.53662109375 0.05859375 0.1025390625
0 0.62451171875 0.63330078125 0.0576171875 0.0908203125
0 0.74658203125 0.63037109375 0.0498046875 0.0830078125
0 0.7451171875 0.53759765625 0.052734375 0.1025390625
0 0.142578125 0.82470703125 0.0546875 0.0849609375
0 0.201171875 0.82421875 0.060546875 0.080078125
0 0.20361328125 0.9111328125 0.0615234375 0.087890625
0 0.025390625 0.82568359375 0.05078125 0.0849609375
0 0.02490234375 0.916015625 0.0498046875 0.087890625