1 0.1064453125 0.3173828125 0.10009765625 0.27490234375
1 0.7822265625 0.3173828125 0.09228515625 0.2705078125
1 0.6884765625 0.318359375 0.091796875 0.2685546875
1 0.59423828125 0.3193359375 0.0908203125 0.26953125
1 0.49658203125 0.31884765625 0.09912109375 0.26904296875
1 0.39990234375 0.31884765625 0.09521484375 0.2734375
1 0.30322265625 0.31640625 0.09814453125 0.27734375
1 0.20654296875 0.31787109375 0.09619140625 0.27392578125
1 0.87744140625 0.318359375 0.0947265625 0.2685546875
0 0.10546875 0.62109375 0.09765625 0.2744140625
0 0.78369140625 0.6220703125 0.091796875 0.2646484375
0 0.68798828125 0.6201171875 0.0947265625 0.2646484375
0 0.5927734375 0.62158203125 0.0927734375 0.2646484375
0 0.49365234375 0.6220703125 0.09375 0.267578125
0 0.39697265625 0.62158203125 0.0947265625 0.2724609375
0 0.30078125 0.62109375 0.0947265625 0.27734375
0 0.2041015625 0.62109375 0.09375 0.2763671875
0 0.87890625 0.623046875 0.09375 0.2646484375