1 0.26171875 0.5771484375 0.1201171875 0.580078125 0.03125 0.8505859375 0.19921875 0.8486328125 0.26171875 0.5771484375
1 0.40234375 0.580078125 0.2646484375 0.580078125 0.1962890625 0.8447265625 0.37109375 0.853515625 0.40234375 0.580078125
1 0.5390625 0.568359375 0.40234375 0.5712890625 0.369140625 0.841796875 0.54296875 0.8408203125 0.5390625 0.568359375
1 0.5498046875 0.8388671875 0.724609375 0.8310546875 0.681640625 0.568359375 0.5419921875 0.5703125 0.5498046875 0.8388671875
1 0.6845703125 0.56640625 0.72265625 0.826171875 0.89453125 0.82421875 0.8193359375 0.564453125 0.6845703125 0.56640625
1 0.8193359375 0.5654296875 0.9580078125 0.5576171875 0.8876953125 0.390625 0.7734375 0.3935546875 0.8193359375 0.5654296875
1 0.65234375 0.3984375 0.6796875 0.5673828125 0.8203125 0.5654296875 0.771484375 0.392578125 0.65234375 0.3984375
1 0.654296875 0.4013671875 0.5390625 0.4013671875 0.541015625 0.56640625 0.6806640625 0.5634765625 0.654296875 0.4013671875
1 0.3994140625 0.572265625 0.541015625 0.56640625 0.5400390625 0.396484375 0.4189453125 0.3994140625 0.3994140625 0.572265625
1 0.267578125 0.5732421875 0.4033203125 0.5693359375 0.4228515625 0.3994140625 0.3056640625 0.3984375 0.267578125 0.5732421875
1 0.1318359375 0.576171875 0.2626953125 0.5771484375 0.3046875 0.3974609375 0.1904296875 0.3935546875 0.1318359375 0.576171875