1 0.244140625 0.37841796875 0.0625 0.2373046875
1 0.56005859375 0.3759765625 0.0625 0.23828125
1 0.2412109375 0.64453125 0.0625 0.234375
1 0.431640625 0.37890625 0.0625 0.2431640625
1 0.369140625 0.37841796875 0.0625 0.2392578125
1 0.30517578125 0.37890625 0.0595703125 0.2353515625
1 0.68603515625 0.37939453125 0.0625 0.232421875
1 0.62109375 0.3798828125 0.0625 0.23388671875
0 0.3037109375 0.6455078125 0.0595703125 0.23876953125
0 0.62255859375 0.6435546875 0.0634765625 0.23095703125
0 0.560546875 0.64404296875 0.0634765625 0.23583984375
0 0.4970703125 0.64501953125 0.060546875 0.23583984375
0 0.4306640625 0.64599609375 0.064453125 0.23779296875
0 0.36669921875 0.6455078125 0.064453125 0.23876953125
0 0.8125 0.64501953125 0.060546875 0.2314453125
0 0.74951171875 0.64501953125 0.0625 0.23193359375
0 0.6865234375 0.64404296875 0.0595703125 0.2255859375
0 0.81201171875 0.38134765625 0.0673828125 0.2333984375
0 0.75 0.38037109375 0.056640625 0.2314453125
0 0.49755859375 0.38037109375 0.0654296875 0.2373046875