1 0.2578125 0.6025390625 0.0966796875 0.072265625
1 0.48193359375 0.5224609375 0.091796875 0.0791015625
1 0.48388671875 0.69873046875 0.0908203125 0.1181640625
1 0.4833984375 0.810546875 0.0966796875 0.1083984375
1 0.8857421875 0.5283203125 0.09375 0.080078125
1 0.58056640625 0.3759765625 0.0966796875 0.07666015625
1 0.58154296875 0.6025390625 0.09619140625 0.07958984375
1 0.16064453125 0.4501953125 0.09521484375 0.078125
1 0.48583984375 0.22412109375 0.08935546875 0.068359375
1 0.7919921875 0.60595703125 0.09765625 0.08056640625
1 0.7919921875 0.45166015625 0.0947265625 0.0791015625
0 0.25634765625 0.6962890625 0.095703125 0.1181640625
0 0.25537109375 0.8095703125 0.095703125 0.11474609375
0 0.25830078125 0.45166015625 0.09423828125 0.07177734375
0 0.88818359375 0.7548828125 0.08837890625 0.076171875
0 0.888671875 0.83251953125 0.09033203125 0.07275390625
0 0.25537109375 0.2236328125 0.09619140625 0.07080078125
0 0.25537109375 0.29931640625 0.09521484375 0.0712890625
0 0.255859375 0.37451171875 0.09375 0.07421875
0 0.48193359375 0.4462890625 0.09423828125 0.07080078125
0 0.16259765625 0.2236328125 0.0947265625 0.072265625
0 0.16259765625 0.07958984375 0.0888671875 0.0751953125
0 0.2578125 0.07666015625 0.09765625 0.0810546875
0 0.48681640625 0.07080078125 0.0966796875 0.0751953125
0 0.486328125 0.146484375 0.09765625 0.076171875
0 0.5810546875 0.1474609375 0.08984375 0.076171875
0 0.58154296875 0.07275390625 0.0888671875 0.0693359375
0 0.580078125 0.22412109375 0.095703125 0.0732421875
0 0.580078125 0.5244140625 0.09765625 0.07421875
0 0.48388671875 0.59912109375 0.0947265625 0.0751953125
0 0.580078125 0.8125 0.095703125 0.107421875
0 0.79345703125 0.8349609375 0.0986328125 0.07421875
0 0.8916015625 0.68017578125 0.087890625 0.0712890625
0 0.79296875 0.37451171875 0.095703125 0.0732421875
0 0.79296875 0.3017578125 0.091796875 0.0703125
0 0.88671875 0.29931640625 0.095703125 0.0751953125
0 0.88720703125 0.2255859375 0.0947265625 0.072265625
0 0.7919921875 0.22607421875 0.095703125 0.0732421875
0 0.78857421875 0.0703125 0.0947265625 0.072265625
0 0.78955078125 0.1474609375 0.0966796875 0.076171875
0 0.88623046875 0.14892578125 0.0966796875 0.0732421875
0 0.888671875 0.60595703125 0.091796875 0.0732421875
0 0.16162109375 0.69384765625 0.0908203125 0.1142578125
0 0.16064453125 0.8076171875 0.0927734375 0.11328125
0 0.2587890625 0.15185546875 0.091796875 0.0771484375
0 0.162109375 0.37646484375 0.09375 0.0732421875
0 0.1611328125 0.52783203125 0.09375 0.0751953125
1 0.25732421875 0.52685546875 0.0986328125 0.0771484375
1 0.1611328125 0.6025390625 0.091796875 0.072265625
1 0.16162109375 0.15234375 0.0908203125 0.0703125
1 0.16259765625 0.30126953125 0.0947265625 0.0751953125
1 0.48388671875 0.29833984375 0.0927734375 0.0712890625
1 0.5791015625 0.2978515625 0.095703125 0.076171875
1 0.48291015625 0.375 0.0927734375 0.076171875
1 0.58056640625 0.45166015625 0.0966796875 0.0732421875
1 0.5791015625 0.69921875 0.1015625 0.115234375
1 0.7919921875 0.68017578125 0.09765625 0.0693359375
1 0.79296875 0.7548828125 0.095703125 0.080078125
1 0.890625 0.3759765625 0.091796875 0.0703125
1 0.88623046875 0.0703125 0.0947265625 0.068359375
0 0.88720703125 0.45361328125 0.0927734375 0.0751953125