1 0.24169921875 0.55419921875 0.0830078125 0.205078125
1 0.5576171875 0.5537109375 0.0810546875 0.2060546875
1 0.478515625 0.552734375 0.07666015625 0.2021484375
1 0.400390625 0.75830078125 0.0771484375 0.20703125
1 0.71435546875 0.76025390625 0.078125 0.20849609375
1 0.6357421875 0.76123046875 0.0732421875 0.2109375
1 0.63720703125 0.5537109375 0.07421875 0.2060546875
0 0.2412109375 0.76318359375 0.07861328125 0.2109375
0 0.47509765625 0.759765625 0.07958984375 0.205078125
0 0.32177734375 0.5556640625 0.07373046875 0.1982421875
0 0.32275390625 0.76123046875 0.07373046875 0.208984375
0 0.55712890625 0.76123046875 0.08203125 0.2060546875
0 0.7138671875 0.5546875 0.078125 0.201171875
0 0.79736328125 0.7607421875 0.0771484375 0.205078125
1 0.880859375 0.76318359375 0.08984375 0.2099609375
1 0.1689453125 0.11572265625 0.078125 0.1787109375
0 0.2470703125 0.11962890625 0.080078125 0.1748046875
0 0.3271484375 0.1162109375 0.07421875 0.17578125
0 0.4013671875 0.1162109375 0.07421875 0.17578125
0 0.47607421875 0.11669921875 0.0751953125 0.1767578125
0 0.552734375 0.1162109375 0.078125 0.177734375
0 0.63232421875 0.1162109375 0.0810546875 0.177734375
0 0.708984375 0.11474609375 0.072265625 0.1806640625
0 0.78271484375 0.11474609375 0.0751953125 0.1806640625
0 0.85693359375 0.115234375 0.0712890625 0.1796875