1 0.1357421875 0.8056640625 0.2109375 0.80859375 0.2275390625 0.681640625 0.150390625 0.677734375 0.1357421875 0.8056640625
1 0.2109375 0.802734375 0.28515625 0.8046875 0.302734375 0.6796875 0.2275390625 0.6806640625 0.2109375 0.802734375
1 0.3037109375 0.6796875 0.287109375 0.8056640625 0.3701171875 0.8046875 0.380859375 0.677734375 0.3037109375 0.6796875
1 0.2412109375 0.53515625 0.3173828125 0.533203125 0.3271484375 0.4130859375 0.2548828125 0.4130859375 0.2412109375 0.53515625
1 0.4013671875 0.4140625 0.3291015625 0.4140625 0.314453125 0.5322265625 0.392578125 0.53515625 0.4013671875 0.4140625
0 0.3935546875 0.53515625 0.4619140625 0.537109375 0.470703125 0.4130859375 0.3984375 0.4130859375 0.3935546875 0.53515625
1 0.4619140625 0.53515625 0.5390625 0.5361328125 0.5390625 0.4130859375 0.4658203125 0.4140625 0.4619140625 0.53515625
1 0.609375 0.412109375 0.5380859375 0.4130859375 0.541015625 0.53515625 0.611328125 0.5341796875 0.609375 0.412109375
1 0.61328125 0.5322265625 0.6875 0.53515625 0.6806640625 0.4091796875 0.609375 0.412109375 0.61328125 0.5322265625
0 0.7626953125 0.5283203125 0.755859375 0.408203125 0.6845703125 0.4111328125 0.6845703125 0.533203125 0.7626953125 0.5283203125
1 0.83984375 0.5361328125 0.9111328125 0.53515625 0.8916015625 0.40625 0.8251953125 0.40625 0.83984375 0.5361328125
1 0.2763671875 0.298828125 0.341796875 0.2978515625 0.3515625 0.197265625 0.2802734375 0.197265625 0.2763671875 0.298828125
0 0.4140625 0.1962890625 0.349609375 0.1962890625 0.3388671875 0.2998046875 0.4072265625 0.2998046875 0.4140625 0.1962890625
1 0.4765625 0.2978515625 0.4794921875 0.1953125 0.4140625 0.1953125 0.41015625 0.298828125 0.4765625 0.2978515625
1 0.54296875 0.2998046875 0.6103515625 0.296875 0.6083984375 0.1953125 0.5400390625 0.197265625 0.54296875 0.2998046875
1 0.6064453125 0.1962890625 0.6083984375 0.296875 0.677734375 0.294921875 0.6728515625 0.1962890625 0.6064453125 0.1962890625
1 0.66796875 0.1015625 0.6728515625 0.1962890625 0.73828125 0.1953125 0.7333984375 0.1025390625 0.66796875 0.1015625
1 0.8046875 0.1982421875 0.8125 0.2958984375 0.884765625 0.294921875 0.87109375 0.193359375 0.8046875 0.1982421875
1 0.9384765625 0.1943359375 0.87109375 0.193359375 0.884765625 0.2939453125 0.9521484375 0.29296875 0.9384765625 0.1943359375
1 0.9189453125 0.1044921875 0.935546875 0.1982421875 1 0.1953125 0.982421875 0.1015625 0.9189453125 0.1044921875
1 0.361328125 0.10546875 0.296875 0.1064453125 0.283203125 0.1943359375 0.3515625 0.1962890625 0.361328125 0.10546875
1 0.361328125 0.1044921875 0.3544921875 0.1962890625 0.41796875 0.1953125 0.423828125 0.1025390625 0.361328125 0.1044921875
1 0.5439453125 0.1015625 0.4853515625 0.1025390625 0.478515625 0.1943359375 0.5419921875 0.1943359375 0.5439453125 0.1015625
0 0.482421875 0.1025390625 0.4228515625 0.1025390625 0.416015625 0.1943359375 0.4794921875 0.1953125 0.482421875 0.1025390625
0 0.478515625 0.2978515625 0.5439453125 0.296875 0.541015625 0.1943359375 0.4775390625 0.1982421875 0.478515625 0.2978515625
0 0.60546875 0.103515625 0.544921875 0.1025390625 0.5380859375 0.1953125 0.607421875 0.193359375 0.60546875 0.103515625
0 0.607421875 0.193359375 0.6728515625 0.197265625 0.6689453125 0.1005859375 0.6044921875 0.1025390625 0.607421875 0.193359375
0 0.732421875 0.1015625 0.740234375 0.1962890625 0.8046875 0.1982421875 0.7958984375 0.1015625 0.732421875 0.1015625
0 0.859375 0.1015625 0.7958984375 0.1015625 0.8037109375 0.1943359375 0.8720703125 0.19140625 0.859375 0.1015625
0 0.869140625 0.193359375 0.9375 0.197265625 0.9228515625 0.1025390625 0.8525390625 0.1025390625 0.869140625 0.193359375
0 0.802734375 0.19921875 0.7373046875 0.197265625 0.7421875 0.2939453125 0.8173828125 0.29296875 0.802734375 0.19921875
0 0.6728515625 0.2900390625 0.7421875 0.2900390625 0.7392578125 0.1962890625 0.671875 0.1962890625 0.6728515625 0.2900390625
0 0.8291015625 0.408203125 0.7568359375 0.4111328125 0.7646484375 0.5322265625 0.841796875 0.53125 0.8291015625 0.408203125
0 0.9716796875 0.4130859375 0.892578125 0.41015625 0.9111328125 0.53515625 0.990234375 0.5341796875 0.9716796875 0.4130859375
0 0.4755859375 0.6787109375 0.3828125 0.6767578125 0.37109375 0.802734375 0.47265625 0.8037109375 0.4755859375 0.6787109375
0 0.47265625 0.677734375 0.46875 0.8076171875 0.583984375 0.8076171875 0.5859375 0.677734375 0.47265625 0.677734375
0 0.6943359375 0.673828125 0.5859375 0.677734375 0.5849609375 0.806640625 0.6982421875 0.80859375 0.6943359375 0.673828125
0 0.7001953125 0.810546875 0.7880859375 0.810546875 0.775390625 0.6748046875 0.6923828125 0.673828125 0.7001953125 0.810546875
0 0.7744140625 0.6767578125 0.7880859375 0.810546875 0.87109375 0.8076171875 0.8603515625 0.6728515625 0.7744140625 0.6767578125
0 0.8515625 0.6767578125 0.869140625 0.8095703125 0.9521484375 0.8095703125 0.9345703125 0.67578125 0.8515625 0.6767578125