1 0.0807142861328125 0.458 0.1607142861328125 0.457 0.162857142578125 0.228 0.082857142578125 0.229 0.0807142861328125 0.458
1 0.2442857138671875 0.226 0.1642857138671875 0.228 0.16 0.457 0.2392857138671875 0.456 0.2442857138671875 0.226
1 0.237857142578125 0.459 0.315 0.457 0.3192857138671875 0.221 0.2442857138671875 0.224 0.237857142578125 0.459
1 0.3192857138671875 0.223 0.315 0.456 0.3942857138671875 0.456 0.3957142861328125 0.22 0.3192857138671875 0.223
1 0.3957142861328125 0.22 0.3957142861328125 0.453 0.46 0.454 0.4592857138671875 0.218 0.3957142861328125 0.22
1 0.4592857138671875 0.219 0.46 0.455 0.547142857421875 0.455 0.5457142861328125 0.218 0.4592857138671875 0.219
1 0.5457142861328125 0.219 0.547857142578125 0.453 0.622857142578125 0.454 0.6192857138671874 0.22 0.5457142861328125 0.219
1 0.6192857138671874 0.221 0.6235714287109375 0.455 0.702142857421875 0.455 0.6985714287109375 0.221 0.6192857138671874 0.221
1 0.7764285712890625 0.221 0.6992857138671875 0.22 0.702142857421875 0.452 0.78 0.452 0.7764285712890625 0.221
1 0.7792857138671875 0.456 0.8564285712890625 0.455 0.8557142861328125 0.223 0.7764285712890625 0.221 0.7792857138671875 0.456
1 0.8542857138671875 0.223 0.855 0.456 0.9214285712890625 0.454 0.9192857138671875 0.225 0.8542857138671875 0.223
1 0.9242857138671875 0.697 0.9214285712890625 0.455 0.857142857421875 0.458 0.857142857421875 0.701 0.9242857138671875 0.697
1 0.857857142578125 0.702 0.857142857421875 0.454 0.7785714287109375 0.454 0.7807142861328125 0.701 0.857857142578125 0.702
1 0.702142857421875 0.703 0.7807142861328125 0.701 0.7785714287109375 0.454 0.7007142861328125 0.451 0.702142857421875 0.703
1 0.7035714287109375 0.704 0.702142857421875 0.455 0.622857142578125 0.455 0.622857142578125 0.701 0.7035714287109375 0.704
1 0.622857142578125 0.699 0.622857142578125 0.455 0.547142857421875 0.456 0.547857142578125 0.701 0.622857142578125 0.699
1 0.5464285712890625 0.699 0.547142857421875 0.456 0.4592857138671875 0.457 0.457857142578125 0.699 0.5464285712890625 0.699
1 0.457142857421875 0.698 0.4592857138671875 0.457 0.387142857421875 0.455 0.3842857138671875 0.698 0.457142857421875 0.698
1 0.382857142578125 0.699 0.387142857421875 0.455 0.317142857421875 0.454 0.3114285712890625 0.697 0.382857142578125 0.699
1 0.1492857138671875 0.699 0.1585714287109375 0.457 0.082142857421875 0.46 0.07 0.702 0.1492857138671875 0.699
1 0.1607142861328125 0.458 0.1507142861328125 0.702 0.2285714287109375 0.702 0.2392857138671875 0.458 0.1607142861328125 0.458
1 0.2392857138671875 0.459 0.23 0.702 0.31 0.699 0.3157142861328125 0.456 0.2392857138671875 0.459