1 0.115234375 0.5888671875 0.0869140625 0.2626953125
1 0.50341796875 0.33447265625 0.087890625 0.22998046875
1 0.3544921875 0.33935546875 0.0751953125 0.22802734375
1 0.35302734375 0.587890625 0.07177734375 0.27099609375
1 0.27685546875 0.587890625 0.080078125 0.2666015625
1 0.1982421875 0.58837890625 0.0810546875 0.2666015625
1 0.50146484375 0.57861328125 0.0869140625 0.2548828125
1 0.81982421875 0.5830078125 0.078125 0.2587890625
1 0.66357421875 0.5830078125 0.0810546875 0.26171875
1 0.1240234375 0.34228515625 0.080078125 0.2333984375
1 0.201171875 0.33984375 0.078125 0.23046875
1 0.27880859375 0.33935546875 0.0751953125 0.2275390625
1 0.427734375 0.3369140625 0.072265625 0.234375
1 0.58349609375 0.3359375 0.0751953125 0.232421875
1 0.66162109375 0.3369140625 0.0810546875 0.234375
1 0.74169921875 0.3369140625 0.0791015625 0.234375
1 0.818359375 0.3369140625 0.07421875 0.234375
1 0.89208984375 0.33740234375 0.0732421875 0.2333984375
1 0.89453125 0.58251953125 0.0703125 0.2548828125
1 0.74169921875 0.58349609375 0.0771484375 0.2568359375
1 0.58447265625 0.58154296875 0.0771484375 0.2607421875
1 0.423828125 0.5830078125 0.068359375 0.259765625