1 0.162857142578125 0.797 0.1057142861328125 0.795 0.092142857421875 0.93 0.152857142578125 0.93 0.162857142578125 0.797
1 0.162857142578125 0.797 0.1514285712890625 0.933 0.2135714287109375 0.932 0.222857142578125 0.798 0.162857142578125 0.797
1 0.222857142578125 0.798 0.212857142578125 0.935 0.2742857138671875 0.933 0.2814285712890625 0.798 0.222857142578125 0.798
1 0.2814285712890625 0.798 0.2735714287109375 0.935 0.3364285712890625 0.935 0.342142857421875 0.797 0.2814285712890625 0.798
1 0.342142857421875 0.797 0.3357142861328125 0.936 0.3957142861328125 0.936 0.3985714287109375 0.799 0.342142857421875 0.797
1 0.3985714287109375 0.799 0.395 0.936 0.457142857421875 0.934 0.457142857421875 0.797 0.3985714287109375 0.799
1 0.457857142578125 0.796 0.4557142861328125 0.933 0.5142857138671875 0.933 0.512857142578125 0.796 0.457857142578125 0.796
1 0.512857142578125 0.796 0.512857142578125 0.933 0.5707142861328125 0.933 0.5664285712890625 0.797 0.512857142578125 0.796
1 0.5664285712890625 0.797 0.5714285712890625 0.934 0.6342857138671875 0.935 0.627142857421875 0.797 0.5664285712890625 0.797
1 0.627142857421875 0.797 0.632857142578125 0.933 0.692142857421875 0.931 0.68 0.797 0.627142857421875 0.797
1 0.68 0.798 0.6907142861328125 0.931 0.7507142861328125 0.93 0.735 0.797 0.68 0.798
1 0.7364285712890625 0.799 0.7485714287109375 0.926 0.8064285712890625 0.926 0.79 0.796 0.7364285712890625 0.799
1 0.7892857138671875 0.797 0.8057142861328125 0.927 0.857857142578125 0.926 0.837857142578125 0.795 0.7892857138671875 0.797
1 0.837857142578125 0.795 0.857142857421875 0.926 0.91 0.923 0.8892857138671875 0.794 0.837857142578125 0.795
1 0.96 0.92 0.9364285712890625 0.793 0.8885714287109375 0.795 0.9107142861328125 0.923 0.96 0.92
1 0.297857142578125 0.514 0.2435714287109375 0.513 0.237857142578125 0.635 0.292857142578125 0.637 0.297857142578125 0.514
1 0.292857142578125 0.637 0.3464285712890625 0.637 0.3492857138671875 0.517 0.2985714287109375 0.514 0.292857142578125 0.637
1 0.35 0.517 0.347142857421875 0.638 0.4007142861328125 0.638 0.4 0.517 0.35 0.517
1 0.4 0.517 0.397857142578125 0.637 0.45 0.637 0.45 0.517 0.4 0.517
1 0.45 0.517 0.4485714287109375 0.637 0.502142857421875 0.639 0.5014285712890625 0.516 0.45 0.517
1 0.5014285712890625 0.516 0.5042857138671875 0.641 0.557857142578125 0.642 0.552142857421875 0.519 0.5014285712890625 0.516
1 0.552142857421875 0.519 0.557857142578125 0.643 0.607857142578125 0.643 0.6007142861328125 0.519 0.552142857421875 0.519
1 0.647857142578125 0.523 0.6014285712890625 0.523 0.6092857138671876 0.64 0.6607142861328125 0.641 0.647857142578125 0.523
1 0.6492857138671875 0.524 0.662857142578125 0.642 0.712857142578125 0.643 0.697857142578125 0.525 0.6492857138671875 0.524
1 0.747142857421875 0.525 0.697142857421875 0.525 0.712142857421875 0.64 0.7635714287109375 0.64 0.747142857421875 0.525
1 0.7485714287109375 0.525 0.762857142578125 0.64 0.8135714287109375 0.643 0.7935714287109376 0.526 0.7485714287109375 0.525
0 1 0.642 0.975 0.53 0.9314285712890625 0.53 0.9585714287109375 0.643 1 0.642
1 0.9314285712890625 0.53 0.8864285712890625 0.53 0.91 0.643 0.957857142578125 0.642 0.9314285712890625 0.53
1 0.9107142861328125 0.644 0.8864285712890625 0.53 0.84 0.527 0.8635714287109375 0.645 0.9107142861328125 0.644
1 0.84 0.527 0.792857142578125 0.527 0.8114285712890625 0.642 0.8635714287109375 0.642 0.84 0.527
0 0.9514285712890626 0.431 0.907142857421875 0.432 0.93 0.532 0.9742857138671875 0.529 0.9514285712890626 0.431
1 0.9307142861328125 0.531 0.9085714287109375 0.429 0.8664285712890625 0.427 0.887142857421875 0.53 0.9307142861328125 0.531
1 0.8392857138671875 0.528 0.887142857421875 0.528 0.865 0.428 0.822142857421875 0.426 0.8392857138671875 0.528
1 0.8235714287109375 0.427 0.7764285712890625 0.424 0.7914285712890625 0.527 0.837857142578125 0.526 0.8235714287109375 0.427
1 0.747857142578125 0.526 0.7914285712890625 0.526 0.7757142861328125 0.426 0.732142857421875 0.424 0.747857142578125 0.526
1 0.697142857421875 0.522 0.7464285712890625 0.522 0.732142857421875 0.425 0.685 0.423 0.697142857421875 0.522
1 0.697857142578125 0.524 0.6857142861328125 0.424 0.64 0.422 0.6485714287109375 0.522 0.697857142578125 0.524
1 0.65 0.524 0.6407142861328124 0.42 0.5935714287109375 0.419 0.6 0.524 0.65 0.524
1 0.6 0.521 0.592142857421875 0.42 0.547142857421875 0.418 0.552857142578125 0.52 0.6 0.521
1 0.5514285712890625 0.52 0.5464285712890625 0.417 0.4964285712890625 0.416 0.5014285712890625 0.519 0.5514285712890625 0.52
1 0.5014285712890625 0.518 0.495 0.415 0.447857142578125 0.414 0.4492857138671875 0.517 0.5014285712890625 0.518
1 0.4507142861328125 0.517 0.4485714287109375 0.413 0.3992857138671875 0.412 0.4 0.516 0.4507142861328125 0.517
1 0.3985714287109375 0.517 0.3985714287109375 0.411 0.352857142578125 0.411 0.3485714287109375 0.515 0.3985714287109375 0.517
1 0.3492857138671875 0.516 0.352142857421875 0.411 0.3035714287109375 0.409 0.2992857138671875 0.514 0.3492857138671875 0.516
1 0.2985714287109375 0.513 0.3035714287109375 0.409 0.2535714287109375 0.409 0.2457142861328125 0.512 0.2985714287109375 0.513
1 0.2714285712890625 0.207 0.2657142861328125 0.297 0.3114285712890625 0.299 0.3142857138671875 0.21 0.2714285712890625 0.207
1 0.36 0.211 0.3142857138671875 0.21 0.3107142861328125 0.298 0.357142857421875 0.299 0.36 0.211
1 0.4042857138671875 0.213 0.3585714287109375 0.211 0.357857142578125 0.296 0.402857142578125 0.299 0.4042857138671875 0.213
1 0.4035714287109375 0.212 0.4042857138671875 0.3 0.445 0.301 0.4464285712890625 0.3 0.447142857421875 0.213 0.4035714287109375 0.212
1 0.492142857421875 0.301 0.49 0.212 0.4464285712890625 0.212 0.447142857421875 0.301 0.492142857421875 0.301
1 0.492142857421875 0.304 0.537857142578125 0.306 0.5335714287109375 0.219 0.4885714287109375 0.216 0.492142857421875 0.304
1 0.577857142578125 0.224 0.5364285712890625 0.221 0.5385714287109375 0.304 0.582857142578125 0.306 0.577857142578125 0.224
1 0.582857142578125 0.308 0.627857142578125 0.31 0.6207142861328125 0.228 0.577857142578125 0.224 0.582857142578125 0.308
1 0.6614285712890625 0.226 0.6192857138671874 0.226 0.627857142578125 0.306 0.6714285712890625 0.309 0.6614285712890625 0.226
1 0.712857142578125 0.313 0.7035714287109375 0.23 0.6635714287109375 0.228 0.6692857138671875 0.312 0.712857142578125 0.313
1 0.7135714287109375 0.312 0.7592857138671875 0.313 0.747142857421875 0.232 0.702142857421875 0.231 0.7135714287109375 0.312
1 0.7842857138671875 0.236 0.7457142861328125 0.233 0.7585714287109375 0.312 0.797857142578125 0.314 0.7842857138671875 0.236
1 0.7957142861328125 0.314 0.842142857421875 0.316 0.8242857138671875 0.235 0.7835714287109375 0.235 0.7957142861328125 0.314
1 0.275 0.127 0.272142857421875 0.206 0.3142857138671875 0.207 0.317142857421875 0.131 0.275 0.127
1 0.3607142861328125 0.134 0.317142857421875 0.131 0.3142857138671875 0.207 0.36 0.21 0.3607142861328125 0.134
1 0.36 0.211 0.4042857138671875 0.213 0.402857142578125 0.137 0.357857142578125 0.135 0.36 0.211
1 0.4464285712890625 0.141 0.4035714287109375 0.138 0.405 0.209 0.447142857421875 0.212 0.4464285712890625 0.141
1 0.4464285712890625 0.211 0.492142857421875 0.213 0.4892857138671875 0.141 0.4457142861328125 0.139 0.4464285712890625 0.211
1 0.5314285712890625 0.144 0.487857142578125 0.141 0.4914285712890625 0.214 0.535 0.216 0.5314285712890625 0.144
1 0.5364285712890625 0.216 0.577142857421875 0.219 0.572142857421875 0.147 0.532142857421875 0.147 0.5364285712890625 0.216
1 0.6157142861328125 0.149 0.5714285712890625 0.147 0.5757142861328125 0.221 0.6214285712890625 0.222 0.6157142861328125 0.149
0 0.62 0.224 0.6614285712890625 0.225 0.6514285712890625 0.15 0.615 0.149 0.62 0.224
1 0.6914285712890625 0.152 0.652142857421875 0.151 0.6607142861328125 0.225 0.702142857421875 0.228 0.6914285712890625 0.152
0 0.702142857421875 0.23 0.7442857138671874 0.232 0.7314285712890625 0.153 0.6907142861328125 0.153 0.702142857421875 0.23
1 0.7714285712890625 0.155 0.732857142578125 0.154 0.7457142861328125 0.233 0.7842857138671875 0.235 0.7714285712890625 0.155
1 0.7842857138671875 0.235 0.8264285712890626 0.234 0.812857142578125 0.156 0.7707142861328125 0.156 0.7842857138671875 0.235