1 0.240234375 0.638671875 0.291015625 0.6396484375 0.2978515625 0.5126953125 0.244140625 0.51171875 0.240234375 0.638671875
1 0.3525390625 0.5146484375 0.2978515625 0.5126953125 0.29296875 0.638671875 0.3466796875 0.638671875 0.3525390625 0.5146484375
1 0.345703125 0.6396484375 0.3984375 0.638671875 0.4013671875 0.517578125 0.34765625 0.5146484375 0.345703125 0.6396484375
1 0.44921875 0.5185546875 0.3994140625 0.515625 0.3974609375 0.6396484375 0.4521484375 0.6357421875 0.44921875 0.5185546875
1 0.44921875 0.5166015625 0.451171875 0.6376953125 0.505859375 0.640625 0.501953125 0.5185546875 0.44921875 0.5166015625
1 0.50390625 0.5185546875 0.50390625 0.638671875 0.55859375 0.642578125 0.5556640625 0.5185546875 0.50390625 0.5185546875
1 0.6044921875 0.5205078125 0.5556640625 0.5185546875 0.556640625 0.6416015625 0.6103515625 0.642578125 0.6044921875 0.5205078125
1 0.611328125 0.6416015625 0.662109375 0.6416015625 0.650390625 0.521484375 0.6015625 0.521484375 0.611328125 0.6416015625
1 0.69921875 0.5234375 0.6513671875 0.5224609375 0.662109375 0.6416015625 0.7138671875 0.640625 0.69921875 0.5234375
1 0.71484375 0.6416015625 0.7626953125 0.642578125 0.748046875 0.5234375 0.6962890625 0.5234375 0.71484375 0.6416015625
1 0.7470703125 0.525390625 0.7626953125 0.6416015625 0.814453125 0.642578125 0.79296875 0.5244140625 0.7470703125 0.525390625
1 0.83984375 0.525390625 0.79296875 0.5244140625 0.8134765625 0.640625 0.8642578125 0.6455078125 0.83984375 0.525390625
1 0.861328125 0.64453125 0.91015625 0.642578125 0.8857421875 0.52734375 0.841796875 0.525390625 0.861328125 0.64453125
1 0.912109375 0.6416015625 0.9609375 0.64453125 0.93359375 0.5302734375 0.8857421875 0.529296875 0.912109375 0.6416015625
1 0.3037109375 0.4091796875 0.25390625 0.408203125 0.2451171875 0.5087890625 0.2998046875 0.5107421875 0.3037109375 0.4091796875
1 0.298828125 0.5126953125 0.3486328125 0.515625 0.353515625 0.4130859375 0.3037109375 0.41015625 0.298828125 0.5126953125
1 0.4033203125 0.416015625 0.35546875 0.4140625 0.345703125 0.513671875 0.400390625 0.5146484375 0.4033203125 0.416015625
1 0.3984375 0.5146484375 0.453125 0.515625 0.451171875 0.4150390625 0.4013671875 0.4140625 0.3984375 0.5146484375
1 0.44921875 0.4169921875 0.451171875 0.5146484375 0.501953125 0.517578125 0.5 0.41796875 0.44921875 0.4169921875
1 0.5478515625 0.41796875 0.5 0.41796875 0.5 0.5185546875 0.552734375 0.517578125 0.5478515625 0.41796875
1 0.5478515625 0.41796875 0.552734375 0.5205078125 0.6005859375 0.5205078125 0.59375 0.419921875 0.5478515625 0.41796875
1 0.6005859375 0.5205078125 0.6513671875 0.521484375 0.64453125 0.419921875 0.5927734375 0.41796875 0.6005859375 0.5205078125
1 0.685546875 0.421875 0.6484375 0.4208984375 0.650390625 0.5205078125 0.69921875 0.5224609375 0.685546875 0.421875
1 0.697265625 0.521484375 0.74609375 0.5234375 0.7333984375 0.4208984375 0.6875 0.421875 0.697265625 0.521484375
1 0.77734375 0.42578125 0.7353515625 0.4248046875 0.74609375 0.5205078125 0.791015625 0.5224609375 0.77734375 0.42578125
1 0.7900390625 0.5244140625 0.8388671875 0.525390625 0.826171875 0.423828125 0.779296875 0.4208984375 0.7900390625 0.5244140625
1 0.8701171875 0.42578125 0.82421875 0.42578125 0.8427734375 0.525390625 0.8857421875 0.529296875 0.8701171875 0.42578125
1 0.8837890625 0.5263671875 0.93359375 0.5263671875 0.9140625 0.4296875 0.8681640625 0.4267578125 0.8837890625 0.5263671875
1 0.2646484375 0.296875 0.310546875 0.2978515625 0.3134765625 0.21484375 0.271484375 0.2177734375 0.2646484375 0.296875
1 0.3115234375 0.298828125 0.3564453125 0.2998046875 0.3603515625 0.2158203125 0.31640625 0.212890625 0.3115234375 0.298828125
1 0.3583984375 0.2978515625 0.4033203125 0.2978515625 0.404296875 0.220703125 0.3603515625 0.2197265625 0.3583984375 0.2978515625
1 0.4462890625 0.2236328125 0.404296875 0.220703125 0.40234375 0.30078125 0.44921875 0.30078125 0.4462890625 0.2236328125
1 0.4482421875 0.2998046875 0.4921875 0.3046875 0.4912109375 0.2265625 0.4462890625 0.2255859375 0.4482421875 0.2998046875
1 0.5341796875 0.23046875 0.490234375 0.228515625 0.4931640625 0.3056640625 0.5380859375 0.30859375 0.5341796875 0.23046875
1 0.5400390625 0.306640625 0.5810546875 0.310546875 0.5771484375 0.2314453125 0.5341796875 0.2314453125 0.5400390625 0.306640625
1 0.580078125 0.3076171875 0.6259765625 0.310546875 0.6181640625 0.234375 0.5771484375 0.2314453125 0.580078125 0.3076171875
1 0.6279296875 0.30859375 0.6708984375 0.310546875 0.6650390625 0.236328125 0.6181640625 0.2353515625 0.6279296875 0.30859375
1 0.703125 0.2373046875 0.6630859375 0.236328125 0.6708984375 0.3095703125 0.7138671875 0.3125 0.703125 0.2373046875
1 0.7470703125 0.2431640625 0.703125 0.240234375 0.71484375 0.3095703125 0.755859375 0.3095703125 0.7470703125 0.2431640625
1 0.7587890625 0.3125 0.798828125 0.3134765625 0.7890625 0.244140625 0.7470703125 0.2421875 0.7587890625 0.3125
1 0.828125 0.244140625 0.7900390625 0.2431640625 0.798828125 0.3125 0.8427734375 0.314453125 0.828125 0.244140625
1 0.841796875 0.3134765625 0.88671875 0.3154296875 0.87109375 0.2431640625 0.8291015625 0.2421875 0.841796875 0.3134765625
1 0.91015625 0.2451171875 0.8701171875 0.2421875 0.8896484375 0.3154296875 0.931640625 0.3173828125 0.91015625 0.2451171875
1 0.935546875 0.3203125 0.9697265625 0.3203125 0.9501953125 0.2509765625 0.912109375 0.24609375 0.935546875 0.3203125
1 0.1640625 0.7958984375 0.10546875 0.79296875 0.0859375 0.9365234375 0.1552734375 0.9375 0.1640625 0.7958984375
1 0.2138671875 0.9345703125 0.2236328125 0.7978515625 0.1650390625 0.7939453125 0.15625 0.9365234375 0.2138671875 0.9345703125
1 0.283203125 0.794921875 0.2275390625 0.796875 0.212890625 0.9365234375 0.2783203125 0.9375 0.283203125 0.794921875
1 0.34375 0.7998046875 0.28125 0.798828125 0.2763671875 0.9365234375 0.3369140625 0.9345703125 0.34375 0.7998046875
1 0.3369140625 0.9345703125 0.3935546875 0.935546875 0.396484375 0.798828125 0.3408203125 0.798828125 0.3369140625 0.9345703125
1 0.453125 0.7978515625 0.396484375 0.7998046875 0.39453125 0.939453125 0.4580078125 0.939453125 0.453125 0.7978515625
1 0.455078125 0.935546875 0.5234375 0.9365234375 0.5166015625 0.798828125 0.4521484375 0.7978515625 0.455078125 0.935546875
1 0.5732421875 0.80078125 0.5166015625 0.80078125 0.5224609375 0.9345703125 0.580078125 0.9326171875 0.5732421875 0.80078125
1 0.5791015625 0.935546875 0.638671875 0.935546875 0.6279296875 0.80078125 0.5693359375 0.8017578125 0.5791015625 0.935546875
1 0.685546875 0.8017578125 0.630859375 0.802734375 0.6357421875 0.931640625 0.697265625 0.931640625 0.685546875 0.8017578125
1 0.6982421875 0.9345703125 0.7509765625 0.9306640625 0.740234375 0.80078125 0.6875 0.8017578125 0.6982421875 0.9345703125
1 0.79296875 0.7998046875 0.7412109375 0.80078125 0.751953125 0.9267578125 0.8076171875 0.923828125 0.79296875 0.7998046875
1 0.8095703125 0.927734375 0.8544921875 0.9267578125 0.837890625 0.796875 0.794921875 0.7998046875 0.8095703125 0.927734375
1 0.853515625 0.9228515625 0.9150390625 0.919921875 0.890625 0.7958984375 0.837890625 0.798828125 0.853515625 0.9228515625
1 0.939453125 0.794921875 0.892578125 0.796875 0.9130859375 0.9189453125 0.9677734375 0.9169921875 0.939453125 0.794921875
0 0.9375 0.529296875 0.9716796875 0.5263671875 0.953125 0.431640625 0.9150390625 0.4296875 0.9375 0.529296875
1 0.2724609375 0.2021484375 0.3154296875 0.2041015625 0.3212890625 0.1328125 0.2763671875 0.1318359375 0.2724609375 0.2021484375
1 0.361328125 0.134765625 0.3193359375 0.1328125 0.31640625 0.2021484375 0.359375 0.203125 0.361328125 0.134765625
1 0.3623046875 0.2041015625 0.4033203125 0.2021484375 0.4033203125 0.13671875 0.361328125 0.13671875 0.3623046875 0.2041015625
1 0.4443359375 0.1435546875 0.4052734375 0.142578125 0.4033203125 0.2109375 0.4462890625 0.212890625 0.4443359375 0.1435546875
1 0.4501953125 0.2119140625 0.4951171875 0.2109375 0.4912109375 0.1435546875 0.4443359375 0.1435546875 0.4501953125 0.2119140625
1 0.4892578125 0.14453125 0.4931640625 0.2119140625 0.53515625 0.2119140625 0.5302734375 0.1455078125 0.4892578125 0.14453125
1 0.572265625 0.1474609375 0.5302734375 0.1455078125 0.533203125 0.212890625 0.576171875 0.21484375 0.572265625 0.1474609375
1 0.5751953125 0.2119140625 0.6171875 0.2158203125 0.6123046875 0.1494140625 0.572265625 0.1474609375 0.5751953125 0.2119140625
0 0.6201171875 0.2158203125 0.658203125 0.21484375 0.650390625 0.150390625 0.611328125 0.1484375 0.6201171875 0.2158203125
1 0.6572265625 0.216796875 0.7001953125 0.21875 0.69140625 0.15234375 0.6513671875 0.1513671875 0.6572265625 0.216796875
1 0.732421875 0.15234375 0.69140625 0.15234375 0.69921875 0.2177734375 0.7421875 0.2216796875 0.732421875 0.15234375
1 0.7451171875 0.2197265625 0.7822265625 0.224609375 0.771484375 0.154296875 0.734375 0.1533203125 0.7451171875 0.2197265625
1 0.7822265625 0.2236328125 0.8232421875 0.2236328125 0.810546875 0.1591796875 0.771484375 0.1572265625 0.7822265625 0.2236328125