0 0.1044921875 0.08837890625 0.09130859375 0.13720703125
0 0.18408203125 0.087890625 0.06787109375 0.13818359375
1 0.24853515625 0.0888671875 0.0615234375 0.14013671875
1 0.31298828125 0.08984375 0.06787109375 0.13818359375
0 0.3798828125 0.08984375 0.06494140625 0.13818359375
1 0.44580078125 0.08935546875 0.0673828125 0.13916015625
1 0.509765625 0.08837890625 0.0615234375 0.13720703125
0 0.57373046875 0.08984375 0.06591796875 0.1337890625
0 0.6396484375 0.08935546875 0.06640625 0.1328125
1 0.70458984375 0.0888671875 0.0634765625 0.1337890625
0 0.7685546875 0.08837890625 0.064453125 0.134765625
0 0.83154296875 0.087890625 0.0615234375 0.13623046875
1 0.89453125 0.08935546875 0.06494140625 0.13916015625
0 0.95947265625 0.08935546875 0.064453125 0.13916015625
0 0.95849609375 0.2734375 0.06298828125 0.14111328125
0 0.8955078125 0.27392578125 0.0634765625 0.14013671875
0 0.83154296875 0.27294921875 0.06640625 0.13818359375
1 0.76806640625 0.2724609375 0.0615234375 0.13916015625
1 0.7041015625 0.27099609375 0.06591796875 0.13623046875
0 0.638671875 0.271484375 0.06591796875 0.134765625
0 0.57373046875 0.2744140625 0.064453125 0.14111328125
0 0.51025390625 0.2744140625 0.06201171875 0.14111328125
0 0.4453125 0.27490234375 0.06787109375 0.14208984375
1 0.3798828125 0.27392578125 0.0634765625 0.14404296875
1 0.31298828125 0.27392578125 0.0693359375 0.14404296875
1 0.2470703125 0.27392578125 0.06298828125 0.14404296875
1 0.1826171875 0.2734375 0.06640625 0.14306640625
1 0.115234375 0.2734375 0.06787109375 0.14306640625
1 0.04833984375 0.2724609375 0.06640625 0.14111328125
1 0.04541015625 0.6298828125 0.06787109375 0.158203125
0 0.11376953125 0.6298828125 0.068359375 0.158203125
1 0.18017578125 0.62939453125 0.06494140625 0.1572265625
1 0.24658203125 0.62841796875 0.0673828125 0.1591796875
1 0.31201171875 0.6279296875 0.0634765625 0.158203125
0 0.376953125 0.6259765625 0.0673828125 0.162109375
0 0.4443359375 0.62451171875 0.0673828125 0.1591796875
0 0.51025390625 0.62255859375 0.06494140625 0.1630859375
0 0.57470703125 0.62158203125 0.0634765625 0.1611328125
0 0.63916015625 0.62158203125 0.06494140625 0.1611328125
1 0.70361328125 0.61962890625 0.064453125 0.1572265625
0 0.76904296875 0.6171875 0.0634765625 0.16015625
0 0.83251953125 0.6171875 0.0634765625 0.16015625
1 0.89697265625 0.6171875 0.06494140625 0.16015625
0 0.95947265625 0.61572265625 0.06005859375 0.1572265625
1 0.958984375 0.77294921875 0.060546875 0.158203125
0 0.89599609375 0.77880859375 0.06640625 0.16796875
0 0.83154296875 0.77978515625 0.06201171875 0.166015625
0 0.7685546875 0.77978515625 0.064453125 0.166015625
1 0.7041015625 0.78173828125 0.064453125 0.1630859375
1 0.63916015625 0.78173828125 0.06640625 0.1630859375
0 0.5751953125 0.783203125 0.0615234375 0.16015625
0 0.5107421875 0.7861328125 0.0673828125 0.166015625
0 0.44384765625 0.78564453125 0.06640625 0.1669921875
0 0.3759765625 0.787109375 0.0693359375 0.169921875
0 0.3095703125 0.7900390625 0.0634765625 0.1640625
0 0.24462890625 0.7890625 0.06640625 0.162109375
1 0.1787109375 0.78857421875 0.06591796875 0.1630859375
0 0.11181640625 0.78955078125 0.06787109375 0.1650390625
0 0.04443359375 0.791015625 0.0673828125 0.162109375