1 0.21630859375 0.11669921875 0.09619140625 0.22705078125
0 0.31201171875 0.11669921875 0.095703125 0.22705078125
0 0.40771484375 0.1162109375 0.095703125 0.22607421875
1 0.50244140625 0.11572265625 0.09375 0.22705078125
1 0.5966796875 0.1162109375 0.09521484375 0.22802734375
0 0.6923828125 0.1171875 0.095703125 0.22607421875
1 0.7880859375 0.11669921875 0.095703125 0.22509765625
1 0.8837890625 0.11767578125 0.095703125 0.22509765625
0 0.88330078125 0.509765625 0.09765625 0.22998046875
1 0.78759765625 0.5107421875 0.09375 0.22900390625
1 0.693359375 0.51171875 0.09423828125 0.23095703125
1 0.59814453125 0.51171875 0.09619140625 0.23095703125
1 0.501953125 0.50927734375 0.095703125 0.22705078125
1 0.4072265625 0.509765625 0.09423828125 0.22607421875
1 0.31201171875 0.5126953125 0.095703125 0.23095703125
1 0.21630859375 0.51318359375 0.09619140625 0.22998046875
1 0.2158203125 0.74169921875 0.095703125 0.23095703125
0 0.3115234375 0.74169921875 0.095703125 0.23095703125
0 0.40673828125 0.7412109375 0.09521484375 0.22998046875
1 0.50146484375 0.7412109375 0.09423828125 0.22998046875
1 0.59619140625 0.74169921875 0.095703125 0.23095703125
0 0.6923828125 0.7421875 0.09619140625 0.22998046875
1 0.7880859375 0.7412109375 0.09423828125 0.22802734375
1 0.8828125 0.7392578125 0.095703125 0.23095703125