1 0.21728515625 0.74072265625 0.0927734375 0.2294921875
1 0.78857421875 0.11572265625 0.09375 0.2255859375
1 0.884765625 0.7392578125 0.09814453125 0.2255859375
1 0.50244140625 0.11474609375 0.09326171875 0.2294921875
1 0.2177734375 0.5107421875 0.0947265625 0.2294921875
1 0.79052734375 0.74072265625 0.0927734375 0.2265625
1 0.78759765625 0.51025390625 0.0947265625 0.22802734375
1 0.40625 0.5107421875 0.09765625 0.2314453125
1 0.59814453125 0.7412109375 0.095703125 0.22998046875
1 0.501953125 0.51123046875 0.09423828125 0.23046875
1 0.31103515625 0.51171875 0.09423828125 0.2314453125
1 0.501953125 0.74169921875 0.09375 0.23291015625
0 0.3125 0.74169921875 0.0908203125 0.2275390625
0 0.884765625 0.5107421875 0.0947265625 0.23046875
0 0.693359375 0.1181640625 0.09375 0.224609375
0 0.4072265625 0.11669921875 0.0927734375 0.2294921875
0 0.3125 0.11474609375 0.09375 0.2294921875
0 0.6953125 0.740234375 0.0947265625 0.23046875
0 0.40625 0.74462890625 0.09375 0.232421875
1 0.2158203125 0.11328125 0.0966796875 0.2265625
1 0.59765625 0.1162109375 0.091796875 0.228515625
1 0.8818359375 0.1171875 0.095703125 0.228515625
1 0.69384765625 0.50927734375 0.0966796875 0.2255859375
1 0.5986328125 0.51123046875 0.095703125 0.2275390625