1 0.0615234375 0.3193359375 0.1279296875 0.3251953125 0.14453125 0.138671875 0.0751953125 0.1337890625 0.0615234375 0.3193359375
1 0.208984375 0.1455078125 0.14453125 0.140625 0.1279296875 0.322265625 0.1953125 0.328125 0.208984375 0.1455078125
1 0.1953125 0.328125 0.267578125 0.33203125 0.2802734375 0.1494140625 0.2109375 0.1435546875 0.1953125 0.328125
1 0.3447265625 0.15234375 0.28125 0.1494140625 0.2666015625 0.333984375 0.3349609375 0.3388671875 0.3447265625 0.15234375
1 0.33984375 0.33984375 0.404296875 0.3427734375 0.412109375 0.16015625 0.34375 0.1552734375 0.33984375 0.33984375
1 0.4775390625 0.1630859375 0.4130859375 0.16015625 0.4033203125 0.3427734375 0.4716796875 0.34765625 0.4775390625 0.1630859375
1 0.4716796875 0.34765625 0.541015625 0.3544921875 0.5458984375 0.1669921875 0.4775390625 0.1640625 0.4716796875 0.34765625
1 0.6064453125 0.1728515625 0.5439453125 0.16796875 0.5419921875 0.3564453125 0.609375 0.3623046875 0.6064453125 0.1728515625
1 0.6103515625 0.3603515625 0.6787109375 0.369140625 0.677734375 0.1826171875 0.609375 0.1748046875 0.6103515625 0.3603515625
1 0.6826171875 0.3671875 0.74609375 0.373046875 0.7421875 0.1865234375 0.677734375 0.181640625 0.6826171875 0.3671875
1 0.80859375 0.1953125 0.7431640625 0.1865234375 0.7470703125 0.37109375 0.8125 0.37890625 0.80859375 0.1953125
1 0.8154296875 0.376953125 0.8828125 0.3837890625 0.876953125 0.1982421875 0.8095703125 0.193359375 0.8154296875 0.376953125
1 0.94140625 0.2041015625 0.876953125 0.1982421875 0.8818359375 0.384765625 0.94921875 0.392578125 0.94140625 0.2041015625
1 0.67578125 0.1796875 0.744140625 0.185546875 0.7373046875 0.0185546875 0.673828125 0.013671875 0.67578125 0.1796875
1 0.80859375 0.1982421875 0.8017578125 0.0263671875 0.7392578125 0.0185546875 0.7421875 0.1865234375 0.80859375 0.1982421875
1 0.1171875 0.5419921875 0.041015625 0.53515625 0.025390625 0.7412109375 0.095703125 0.75 0.1171875 0.5419921875
1 0.0986328125 0.75 0.1640625 0.7568359375 0.18359375 0.5478515625 0.1142578125 0.5419921875 0.0986328125 0.75
1 0.2509765625 0.5517578125 0.18359375 0.546875 0.169921875 0.755859375 0.240234375 0.76171875 0.2509765625 0.5517578125
1 0.251953125 0.552734375 0.2412109375 0.7646484375 0.31640625 0.767578125 0.3271484375 0.55859375 0.251953125 0.552734375
1 0.3154296875 0.76953125 0.388671875 0.7744140625 0.3984375 0.564453125 0.328125 0.5595703125 0.3154296875 0.76953125
1 0.466796875 0.5751953125 0.400390625 0.568359375 0.388671875 0.7783203125 0.462890625 0.7841796875 0.466796875 0.5751953125
1 0.4580078125 0.7822265625 0.53515625 0.7919921875 0.541015625 0.5791015625 0.4619140625 0.57421875 0.4580078125 0.7822265625
1 0.533203125 0.7890625 0.607421875 0.7939453125 0.6103515625 0.5810546875 0.5400390625 0.578125 0.533203125 0.7890625
1 0.6787109375 0.5869140625 0.6103515625 0.5830078125 0.6103515625 0.794921875 0.6787109375 0.80078125 0.6787109375 0.5869140625
1 0.6806640625 0.8037109375 0.7509765625 0.80859375 0.75 0.59375 0.6787109375 0.587890625 0.6806640625 0.8037109375
1 0.818359375 0.6025390625 0.7529296875 0.595703125 0.751953125 0.8056640625 0.826171875 0.8125 0.818359375 0.6025390625
1 0.828125 0.81640625 0.8955078125 0.8203125 0.888671875 0.607421875 0.81640625 0.6025390625 0.828125 0.81640625
1 0.962890625 0.615234375 0.890625 0.6103515625 0.8955078125 0.8154296875 0.96875 0.8212890625 0.962890625 0.615234375
1 0.3046875 0.990234375 0.3779296875 0.9951171875 0.388671875 0.7744140625 0.31640625 0.7705078125 0.3046875 0.990234375
1 0.31640625 0.7705078125 0.2412109375 0.7626953125 0.228515625 0.982421875 0.302734375 0.9892578125 0.31640625 0.7705078125
1 0.150390625 0.978515625 0.224609375 0.982421875 0.2412109375 0.763671875 0.1689453125 0.7568359375 0.150390625 0.978515625
1 0.1708984375 0.7587890625 0.0986328125 0.75 0.076171875 0.9755859375 0.15234375 0.98046875 0.1708984375 0.7587890625
1 0 0.96484375 0.080078125 0.9716796875 0.0966796875 0.7509765625 0.0234375 0.744140625 0 0.96484375
0 0.80859375 0.1962890625 0.876953125 0.2001953125 0.8681640625 0.0322265625 0.8037109375 0.0263671875 0.80859375 0.1962890625
0 0.9423828125 0.2041015625 0.9326171875 0.0390625 0.8681640625 0.033203125 0.8759765625 0.19921875 0.9423828125 0.2041015625