1 0.115234375 0.30078125 0.14794921875 0.3740234375
1 0.84716796875 0.7265625 0.14404296875 0.3798828125
1 0.7001953125 0.3017578125 0.1435546875 0.37451171875
1 0.552734375 0.7265625 0.14453125 0.37255859375
1 0.4091796875 0.302734375 0.14306640625 0.3701171875
1 0.26123046875 0.2998046875 0.14453125 0.37353515625
0 0.11572265625 0.72314453125 0.142578125 0.37744140625
0 0.84521484375 0.30224609375 0.1484375 0.37548828125
0 0.7001953125 0.72705078125 0.14453125 0.37451171875
0 0.55419921875 0.3037109375 0.14453125 0.37060546875
0 0.4091796875 0.72705078125 0.1416015625 0.37939453125
0 0.26416015625 0.7255859375 0.1435546875 0.37451171875