1 0.4541015625 0.2646484375 0.06591796875 0.23291015625
1 0.58544921875 0.2626953125 0.06640625 0.23583984375
1 0.58837890625 0.7734375 0.068359375 0.24609375
1 0.32080078125 0.26806640625 0.0712890625 0.22412109375
1 0.390625 0.779296875 0.0625 0.23876953125
1 0.328125 0.77978515625 0.0634765625 0.23779296875
1 0.72119140625 0.77001953125 0.0654296875 0.24072265625
1 0.2626953125 0.78076171875 0.0625 0.234375
1 0.78466796875 0.7705078125 0.064453125 0.240234375
1 0.91259765625 0.25341796875 0.0625 0.23828125
1 0.7158203125 0.25634765625 0.0673828125 0.22998046875
1 0.130859375 0.78125 0.060546875 0.234375
1 0.1953125 0.78125 0.068359375 0.234375
1 0.4560546875 0.7783203125 0.068359375 0.2421875
1 0.5224609375 0.7783203125 0.064453125 0.2421875
1 0.65478515625 0.7744140625 0.0634765625 0.244140625
1 0.8525390625 0.7705078125 0.068359375 0.240234375
1 0.919921875 0.76953125 0.06640625 0.2421875
1 0.8466796875 0.255859375 0.068359375 0.234375
1 0.78125 0.25634765625 0.068359375 0.2333984375
1 0.64697265625 0.2607421875 0.0673828125 0.236328125
1 0.51953125 0.26416015625 0.064453125 0.2353515625
1 0.19580078125 0.271484375 0.0576171875 0.228515625
1 0.25537109375 0.271484375 0.0615234375 0.228515625
1 0.13232421875 0.2744140625 0.0595703125 0.23046875
0 0.3876953125 0.2666015625 0.06640625 0.228515625