1 0.38232421875 0.23095703125 0.0654296875 0.220703125
1 0.77197265625 0.228515625 0.06103515625 0.22265625
1 0.9013671875 0.77001953125 0.0625 0.2685546875
1 0.18212890625 0.79443359375 0.06591796875 0.255859375
1 0.70703125 0.78125 0.0625 0.2548828125
1 0.70751953125 0.2294921875 0.068359375 0.21923828125
1 0.3125 0.79296875 0.0673828125 0.2529296875
0 0.51318359375 0.22998046875 0.06298828125 0.21630859375
0 0.642578125 0.78271484375 0.064453125 0.2548828125
0 0.57958984375 0.783203125 0.0625 0.2548828125
0 0.5126953125 0.7841796875 0.06494140625 0.2548828125
0 0.4453125 0.78759765625 0.06884765625 0.2509765625
0 0.642578125 0.23095703125 0.0595703125 0.2197265625
0 0.578125 0.22998046875 0.064453125 0.2177734375
0 0.44775390625 0.23046875 0.06591796875 0.21728515625
0 0.3779296875 0.7890625 0.06298828125 0.251953125
0 0.83642578125 0.775390625 0.06982421875 0.26171875
1 0.04931640625 0.2275390625 0.0634765625 0.220703125
1 0.1171875 0.22900390625 0.06640625 0.2216796875
1 0.18310546875 0.22998046875 0.0654296875 0.2236328125
1 0.248046875 0.23095703125 0.06640625 0.2236328125
1 0.31591796875 0.22998046875 0.0693359375 0.2216796875
1 0.044921875 0.79541015625 0.068359375 0.2509765625
0 0.11474609375 0.794921875 0.0712890625 0.251953125
0 0.24609375 0.79345703125 0.0625 0.2568359375
0 0.77294921875 0.77783203125 0.0615234375 0.2607421875
0 0.96533203125 0.77490234375 0.0615234375 0.2646484375
0 0.9638671875 0.22900390625 0.0625 0.2255859375
0 0.900390625 0.2294921875 0.064453125 0.2265625
0 0.83642578125 0.228515625 0.0634765625 0.224609375