1 0.65087890625 0.28076171875 0.20947265625 0.19775390625
1 0.8701171875 0.76220703125 0.20458984375 0.15625
1 0.8681640625 0.60986328125 0.205078125 0.1494140625
1 0.869140625 0.28173828125 0.205078125 0.201171875
1 0.8681640625 0.46142578125 0.2041015625 0.1484375
1 0.65234375 0.6064453125 0.20703125 0.1494140625
1 0.16943359375 0.3095703125 0.1953125 0.15234375
1 0.1689453125 0.60546875 0.2001953125 0.15234375
1 0.869140625 0.916015625 0.203125 0.15478515625
1 0.6533203125 0.759765625 0.20947265625 0.1533203125
1 0.6552734375 0.9091796875 0.20849609375 0.15771484375
1 0.17138671875 0.75341796875 0.19775390625 0.1513671875
0 0.65234375 0.45947265625 0.20947265625 0.1494140625
1 0.17138671875 0.90576171875 0.1982421875 0.1455078125
1 0.17138671875 0.4580078125 0.2041015625 0.146484375
1 0.169921875 0.12939453125 0.201171875 0.2021484375