1 0.8483825595703125 0.488 0.7758087197265625 0.475 0.783684951171875 0.631 0.8691983125 0.649 0.8483825595703125 0.488
1 0.8495077353515625 0.489 0.86807313671875 0.649 0.9541490859375 0.663 0.9248945146484375 0.503 0.8495077353515625 0.489
1 0.7752130390625 0.476470587890625 0.70289183984375 0.46524390234375 0.70186271484375 0.6164634150390625 0.7835065693359375 0.6317073173828125 0.7752130390625 0.476470587890625
1 0.70426400390625 0.4658536572265625 0.632911392578125 0.4512195126953125 0.6191897353515625 0.6006097548828125 0.701519673828125 0.6164634150390625 0.70426400390625 0.4658536572265625
1 0.6205619013671875 0.6 0.6339405166015625 0.45426829296875 0.565332236328125 0.442682927734375 0.5402902119140625 0.5841463427734375 0.6205619013671875 0.6
1 0.541319337890625 0.58475609765625 0.5646461533203125 0.4408536572265625 0.4977530791015625 0.4298780498046875 0.46379198046875 0.57073170703125 0.541319337890625 0.58475609765625
1 0.464135021484375 0.5695121953125 0.4987822021484375 0.4304878046875 0.4325752119140625 0.42073170703125 0.389351994140625 0.55426829296875 0.464135021484375 0.5695121953125
1 0.39016843359375 0.5548780498046875 0.4315460869140625 0.4189024404296875 0.368213783203125 0.4121951220703125 0.316757572265625 0.5408536572265625 0.39016843359375 0.5548780498046875
1 0.316757572265625 0.54024390234375 0.3688998662109375 0.407926830078125 0.308181537109375 0.4006097548828125 0.2443758369140625 0.528658537109375 0.316757572265625 0.54024390234375
1 0.244032794921875 0.3939024404296875 0.1788549287109375 0.513414634765625 0.2474632080078125 0.5256097548828125 0.30680937109375 0.4006097548828125 0.244032794921875 0.3939024404296875
1 0.1248670712890625 0.376829267578125 0.04815615234375 0.486585365234375 0.111961853515625 0.5006097548828125 0.1866145244140625 0.38475609765625 0.1248670712890625 0.376829267578125
1 0.185585400390625 0.386585365234375 0.1126479365234375 0.5 0.1771397197265625 0.5140243896484376 0.244588521484375 0.392073169921875 0.185585400390625 0.386585365234375
1 0.894308943359375 0.338414634765625 0.83290453125 0.3341463427734375 0.84594010546875 0.4396341474609375 0.9145483857421876 0.448170732421875 0.894308943359375 0.338414634765625
1 0.8452540224609375 0.4390243896484375 0.83290453125 0.3341463427734375 0.771843162109375 0.3256097548828125 0.775959658203125 0.4298780498046875 0.8452540224609375 0.4390243896484375
1 0.775959658203125 0.4298780498046875 0.771843162109375 0.3256097548828125 0.7094096259765625 0.31524390234375 0.708380501953125 0.417073169921875 0.775959658203125 0.4298780498046875
1 0.708380501953125 0.417073169921875 0.7094096259765625 0.3158536572265625 0.6493773798828125 0.3048780498046875 0.64114438671875 0.4060975595703125 0.708380501953125 0.417073169921875
1 0.6425165517578125 0.4067073173828125 0.648691296875 0.3060975595703125 0.5914033828125 0.2987804873046875 0.576995642578125 0.396341462890625 0.6425165517578125 0.4067073173828125
1 0.5759665185546875 0.39573170703125 0.5914033828125 0.298170732421875 0.5348015498046875 0.2890243896484375 0.51078865234375 0.386585365234375 0.5759665185546875 0.39573170703125
1 0.5114747353515625 0.3853658525390625 0.5348015498046875 0.2890243896484375 0.4792288427734375 0.282317072265625 0.44801207421875 0.376829267578125 0.5114747353515625 0.3853658525390625
1 0.449384240234375 0.3762195126953125 0.478542759765625 0.2804878046875 0.42331309375 0.2743902451171875 0.386950705078125 0.3664634150390625 0.449384240234375 0.3762195126953125
1 0.3886659111328125 0.36524390234375 0.423656134765625 0.275 0.3704847177734375 0.2689024404296875 0.32897670703125 0.3530487802734375 0.3886659111328125 0.36524390234375
1 0.2689444609375 0.3451219501953125 0.32897670703125 0.3530487802734375 0.370827759765625 0.2682926826171875 0.3155980927734375 0.25975609765625 0.2689444609375 0.3451219501953125
1 0.261740591796875 0.25426829296875 0.2126856708984375 0.338414634765625 0.26928750390625 0.3451219501953125 0.316627216796875 0.25975609765625 0.261740591796875 0.25426829296875
1 0.81746766796875 0.22926829296875 0.8726973349609375 0.2335365849609375 0.860004802734375 0.167073169921875 0.8082055498046875 0.1640243896484375 0.81746766796875 0.22926829296875
1 0.8078625087890625 0.1621951220703125 0.760522794921875 0.157317072265625 0.7636101669921875 0.2237804873046875 0.8178107099609375 0.2310975595703125 0.8078625087890625 0.1621951220703125
1 0.7636101669921875 0.2219512197265625 0.7598367119140625 0.1567073173828125 0.7111248330078125 0.151829267578125 0.7111248330078125 0.2164634150390625 0.7636101669921875 0.2219512197265625
1 0.711810916015625 0.2158536572265625 0.711467875 0.1506097548828125 0.6630990361328125 0.1445121953125 0.6593255810546875 0.2085365849609375 0.711810916015625 0.2158536572265625
1 0.6593255810546875 0.207926830078125 0.6630990361328125 0.1445121953125 0.6164454052734375 0.14024390234375 0.605468080078125 0.2030487802734375 0.6593255810546875 0.207926830078125
1 0.60684024609375 0.2006097548828125 0.6164454052734375 0.1396341474609375 0.5701348154296875 0.1353658525390625 0.5550409931640625 0.19573170703125 0.60684024609375 0.2006097548828125
1 0.5550409931640625 0.1969512197265625 0.5691056904296875 0.1335365849609375 0.525196390625 0.127439025390625 0.5046139072265625 0.19024390234375 0.5550409931640625 0.1969512197265625
1 0.5059860732421875 0.19024390234375 0.525196390625 0.127439025390625 0.478542759765625 0.123170732421875 0.45693115234375 0.1817073173828125 0.5059860732421875 0.19024390234375
1 0.457960275390625 0.182317072265625 0.478542759765625 0.123170732421875 0.4363486669921875 0.1201219501953125 0.407533189453125 0.176829267578125 0.457960275390625 0.182317072265625
1 0.854859181640625 0.142073169921875 0.844567939453125 0.0878048779296875 0.8020308046875 0.0859756103515625 0.8064903427734375 0.1408536572265625 0.854859181640625 0.142073169921875
1 0.7577784638671875 0.132926830078125 0.806147302734375 0.1390243896484375 0.8020308046875 0.0859756103515625 0.757435421875 0.0817073173828125 0.7577784638671875 0.132926830078125
1 0.757092380859375 0.082926830078125 0.71318308203125 0.0780487802734375 0.71318308203125 0.127439025390625 0.7591506298828125 0.132926830078125 0.757092380859375 0.082926830078125
1 0.667215533203125 0.12073170703125 0.71318308203125 0.126829267578125 0.7135261220703125 0.078658537109375 0.67030290625 0.0737804873046875 0.667215533203125 0.12073170703125
1 0.6202188603515625 0.117073169921875 0.6668724912109375 0.121341462890625 0.671332029296875 0.073170732421875 0.628451853515625 0.0664634150390625 0.6202188603515625 0.117073169921875
1 0.6291379365234375 0.067073169921875 0.586600802734375 0.063414634765625 0.5745943525390625 0.111585365234375 0.620904943359375 0.1158536572265625 0.6291379365234375 0.067073169921875
1 0.532400259765625 0.1067073173828125 0.5763095615234375 0.1103658525390625 0.5872868857421875 0.0628048779296875 0.5478371240234375 0.0585365849609375 0.532400259765625 0.1067073173828125
1 0.5073582373046875 0.052439025390625 0.489520083984375 0.1 0.53411546875 0.1048780498046875 0.5474940830078125 0.057317072265625 0.5073582373046875 0.052439025390625
1 0.3924393671875 0.1158536572265625 0.3601934755859375 0.1701219501953125 0.4089053544921875 0.175 0.4356625849609375 0.1195121953125 0.3924393671875 0.1158536572265625