1 0.1240234375 0.0888671875 0.080078125 0.0927734375 0.07421875 0.287109375 0.1240234375 0.2841796875 0.1240234375 0.0888671875
1 0.125 0.2841796875 0.1669921875 0.2822265625 0.1669921875 0.0859375 0.1220703125 0.0888671875 0.125 0.2841796875
1 0.216796875 0.083984375 0.16796875 0.0849609375 0.1669921875 0.2841796875 0.21484375 0.2783203125 0.216796875 0.083984375
1 0.310546875 0.0791015625 0.26171875 0.08203125 0.259765625 0.2763671875 0.3115234375 0.2734375 0.310546875 0.0791015625
1 0.3564453125 0.076171875 0.310546875 0.0791015625 0.3095703125 0.2744140625 0.3583984375 0.2734375 0.3564453125 0.076171875
1 0.35546875 0.2744140625 0.404296875 0.2724609375 0.404296875 0.0751953125 0.35546875 0.076171875 0.35546875 0.2744140625
1 0.4521484375 0.0732421875 0.40625 0.0751953125 0.40234375 0.2734375 0.451171875 0.271484375 0.4521484375 0.0732421875
1 0.4990234375 0.2666015625 0.5458984375 0.263671875 0.544921875 0.068359375 0.498046875 0.0703125 0.4990234375 0.2666015625
1 0.5927734375 0.068359375 0.5458984375 0.068359375 0.546875 0.267578125 0.5947265625 0.263671875 0.5927734375 0.068359375
1 0.59375 0.2607421875 0.6435546875 0.2607421875 0.6416015625 0.0673828125 0.5908203125 0.068359375 0.59375 0.2607421875
1 0.6875 0.0625 0.6435546875 0.0654296875 0.6435546875 0.2607421875 0.689453125 0.2568359375 0.6875 0.0625
1 0.689453125 0.2607421875 0.7373046875 0.255859375 0.736328125 0.0595703125 0.685546875 0.0625 0.689453125 0.2607421875
1 0.7998046875 0.0556640625 0.73828125 0.060546875 0.736328125 0.2568359375 0.8017578125 0.25390625 0.7998046875 0.0556640625
1 0.109375 0.4794921875 0.162109375 0.4775390625 0.1640625 0.2890625 0.1171875 0.291015625 0.109375 0.4794921875
1 0.2119140625 0.2802734375 0.166015625 0.2841796875 0.162109375 0.4794921875 0.21484375 0.4755859375 0.2119140625 0.2802734375
1 0.26171875 0.4736328125 0.3095703125 0.47265625 0.310546875 0.275390625 0.259765625 0.27734375 0.26171875 0.4736328125
1 0.357421875 0.275390625 0.310546875 0.275390625 0.3095703125 0.4716796875 0.3583984375 0.4736328125 0.357421875 0.275390625
1 0.3603515625 0.4716796875 0.40625 0.470703125 0.4033203125 0.271484375 0.3544921875 0.2724609375 0.3603515625 0.4716796875
1 0.44921875 0.2705078125 0.404296875 0.2744140625 0.4052734375 0.470703125 0.4521484375 0.470703125 0.44921875 0.2705078125
1 0.5009765625 0.26953125 0.4521484375 0.2724609375 0.4521484375 0.4697265625 0.5 0.4677734375 0.5009765625 0.26953125
1 0.501953125 0.466796875 0.5478515625 0.466796875 0.546875 0.265625 0.5 0.267578125 0.501953125 0.466796875
1 0.64453125 0.2607421875 0.595703125 0.26171875 0.5947265625 0.462890625 0.64453125 0.4609375 0.64453125 0.2607421875
1 0.6455078125 0.4599609375 0.693359375 0.4580078125 0.689453125 0.2587890625 0.6435546875 0.26171875 0.6455078125 0.4599609375
1 0.7373046875 0.2568359375 0.69140625 0.2607421875 0.689453125 0.4580078125 0.740234375 0.458984375 0.7373046875 0.2568359375
1 0.740234375 0.4560546875 0.8056640625 0.455078125 0.802734375 0.251953125 0.7373046875 0.255859375 0.740234375 0.4560546875
1 0.8076171875 0.671875 0.7607421875 0.673828125 0.7626953125 0.8671875 0.810546875 0.8642578125 0.8076171875 0.671875
1 0.708984375 0.8671875 0.7626953125 0.8671875 0.7607421875 0.6748046875 0.70703125 0.6787109375 0.708984375 0.8671875
1 0.65625 0.6806640625 0.6611328125 0.8720703125 0.7109375 0.869140625 0.7080078125 0.6787109375 0.65625 0.6806640625
1 0.65625 0.6796875 0.607421875 0.6806640625 0.6103515625 0.8720703125 0.662109375 0.873046875 0.65625 0.6796875
1 0.5595703125 0.875 0.611328125 0.8720703125 0.609375 0.6796875 0.55859375 0.6796875 0.5595703125 0.875
1 0.5595703125 0.6826171875 0.5078125 0.6845703125 0.509765625 0.875 0.560546875 0.875 0.5595703125 0.6826171875
1 0.4619140625 0.876953125 0.509765625 0.875 0.5078125 0.68359375 0.458984375 0.685546875 0.4619140625 0.876953125
1 0.458984375 0.876953125 0.4580078125 0.6845703125 0.408203125 0.6865234375 0.4091796875 0.87890625 0.458984375 0.876953125
1 0.41015625 0.685546875 0.3603515625 0.6865234375 0.361328125 0.8818359375 0.4111328125 0.8798828125 0.41015625 0.685546875
1 0.361328125 0.6884765625 0.3115234375 0.69140625 0.30859375 0.8837890625 0.361328125 0.8818359375 0.361328125 0.6884765625
1 0.2587890625 0.8857421875 0.30859375 0.8837890625 0.310546875 0.6904296875 0.26171875 0.693359375 0.2587890625 0.8857421875
1 0.259765625 0.693359375 0.2109375 0.6962890625 0.2109375 0.8857421875 0.2607421875 0.8837890625 0.259765625 0.693359375
0 0.2158203125 0.474609375 0.26171875 0.4736328125 0.2607421875 0.275390625 0.2138671875 0.2783203125 0.2158203125 0.474609375
0 0.216796875 0.2783203125 0.26171875 0.275390625 0.2626953125 0.0810546875 0.2177734375 0.083984375 0.216796875 0.2783203125
0 0.498046875 0.0732421875 0.453125 0.0732421875 0.4501953125 0.271484375 0.5 0.2685546875 0.498046875 0.0732421875
0 0.5498046875 0.4658203125 0.595703125 0.462890625 0.595703125 0.2626953125 0.5458984375 0.265625 0.5498046875 0.4658203125