1 0.15283203125 0.25341796875 0.0634765625 0.22314453125
1 0.21728515625 0.2529296875 0.06396484375 0.22802734375
1 0.28125 0.2529296875 0.0625 0.22607421875
1 0.34521484375 0.25341796875 0.0654296875 0.23095703125
1 0.41064453125 0.25830078125 0.06201171875 0.22509765625
1 0.47509765625 0.2578125 0.0634765625 0.22802734375
1 0.53857421875 0.25830078125 0.0625 0.22900390625
1 0.60400390625 0.25732421875 0.06591796875 0.22705078125
1 0.6689453125 0.26123046875 0.06298828125 0.22705078125
1 0.734375 0.2626953125 0.06591796875 0.23193359375
1 0.7998046875 0.267578125 0.0654296875 0.23095703125
1 0.86474609375 0.26708984375 0.06494140625 0.22998046875
1 0.9306640625 0.26708984375 0.06640625 0.23193359375
1 0.93115234375 0.775390625 0.06689453125 0.22900390625
1 0.8642578125 0.77685546875 0.0654296875 0.23193359375
1 0.7998046875 0.77392578125 0.06591796875 0.23193359375
1 0.7314453125 0.77197265625 0.0673828125 0.22998046875
1 0.6650390625 0.77099609375 0.06640625 0.23193359375
1 0.60107421875 0.7666015625 0.06396484375 0.23291015625
1 0.53564453125 0.765625 0.06591796875 0.23388671875
1 0.470703125 0.7626953125 0.06298828125 0.23388671875
1 0.40673828125 0.76220703125 0.0654296875 0.23095703125
1 0.34033203125 0.76123046875 0.06396484375 0.23291015625
1 0.2763671875 0.759765625 0.06396484375 0.23193359375
1 0.2119140625 0.75537109375 0.0634765625 0.23095703125
1 0.14990234375 0.7548828125 0.0625 0.22998046875