0 0.54296875 0.0048828125 0.5234375 0.1435546875 0.5810546875 0.150390625 0.6005859375 0.0107421875 0.54296875 0.0048828125
0 0.6396484375 0.15625 0.6533203125 0.01953125 0.5986328125 0.0126953125 0.5810546875 0.1484375 0.6396484375 0.15625
0 0.802734375 0.060546875 0.7978515625 0.138671875 0.888671875 0.1435546875 0.8916015625 0.0673828125 0.802734375 0.060546875
0 0.791015625 0.138671875 0.7861328125 0.216796875 0.875 0.22265625 0.87890625 0.1455078125 0.791015625 0.138671875
0 0.615234375 0.328125 0.556640625 0.3203125 0.5400390625 0.45703125 0.5986328125 0.462890625 0.615234375 0.328125
0 0.4853515625 0.4501953125 0.5400390625 0.4560546875 0.5595703125 0.3212890625 0.5029296875 0.3134765625 0.4853515625 0.4501953125
0 0.4853515625 0.447265625 0.50390625 0.3134765625 0.4462890625 0.3076171875 0.4248046875 0.44140625 0.4853515625 0.447265625
0 0.4267578125 0.4404296875 0.447265625 0.3056640625 0.3896484375 0.2998046875 0.3720703125 0.4345703125 0.4267578125 0.4404296875
0 0.37109375 0.435546875 0.3896484375 0.2998046875 0.333984375 0.294921875 0.3134765625 0.427734375 0.37109375 0.435546875
0 0.314453125 0.4296875 0.33203125 0.2939453125 0.2744140625 0.2880859375 0.2587890625 0.423828125 0.314453125 0.4296875
0 0.201171875 0.4140625 0.2587890625 0.423828125 0.2763671875 0.287109375 0.2197265625 0.279296875 0.201171875 0.4140625
0 0.169921875 0.275390625 0.1533203125 0.4091796875 0.2041015625 0.416015625 0.2216796875 0.279296875 0.169921875 0.275390625
0 0.5732421875 0.66015625 0.5908203125 0.5263671875 0.533203125 0.51953125 0.515625 0.6533203125 0.5732421875 0.66015625
0 0.533203125 0.51953125 0.4765625 0.51171875 0.4609375 0.6435546875 0.517578125 0.6513671875 0.533203125 0.51953125
0 0.458984375 0.6435546875 0.4755859375 0.51171875 0.419921875 0.5048828125 0.40234375 0.638671875 0.458984375 0.6435546875
0 0.3466796875 0.62890625 0.40234375 0.638671875 0.4189453125 0.50390625 0.36328125 0.4951171875 0.3466796875 0.62890625
0 0.34765625 0.6279296875 0.3642578125 0.4990234375 0.306640625 0.490234375 0.2900390625 0.6201171875 0.34765625 0.6279296875
0 0.306640625 0.490234375 0.251953125 0.4833984375 0.234375 0.61328125 0.291015625 0.62109375 0.306640625 0.490234375
0 0.181640625 0.6083984375 0.236328125 0.61328125 0.2509765625 0.482421875 0.1962890625 0.478515625 0.181640625 0.6083984375
0 0.197265625 0.4775390625 0.1455078125 0.4697265625 0.1279296875 0.60546875 0.1796875 0.6103515625 0.197265625 0.4775390625
0 0.10546875 0.8056640625 0.0888671875 0.9296875 0.1376953125 0.935546875 0.154296875 0.8125 0.10546875 0.8056640625
0 0.2109375 0.818359375 0.154296875 0.8125 0.1396484375 0.9345703125 0.1953125 0.9423828125 0.2109375 0.818359375
0 0.193359375 0.94140625 0.2509765625 0.9482421875 0.265625 0.822265625 0.2099609375 0.8154296875 0.193359375 0.94140625
0 0.322265625 0.828125 0.265625 0.8212890625 0.25 0.9462890625 0.306640625 0.953125 0.322265625 0.828125
0 0.380859375 0.83203125 0.3232421875 0.8271484375 0.306640625 0.951171875 0.365234375 0.962890625 0.380859375 0.83203125
0 0.37890625 0.83203125 0.365234375 0.9609375 0.4208984375 0.96484375 0.4365234375 0.83984375 0.37890625 0.83203125
0 0.4384765625 0.8369140625 0.4208984375 0.9658203125 0.4775390625 0.9755859375 0.4951171875 0.8466796875 0.4384765625 0.8369140625
0 0.533203125 0.9833984375 0.5478515625 0.8623046875 0.490234375 0.8544921875 0.474609375 0.974609375 0.533203125 0.9833984375
0 0.78125 0.21875 0.775390625 0.2939453125 0.8671875 0.30078125 0.8701171875 0.2255859375 0.78125 0.21875
0 0.771484375 0.2978515625 0.7666015625 0.373046875 0.8583984375 0.3798828125 0.8623046875 0.302734375 0.771484375 0.2978515625
0 0.76171875 0.3740234375 0.7578125 0.4501953125 0.849609375 0.4560546875 0.8515625 0.3798828125 0.76171875 0.3740234375
0 0.75390625 0.451171875 0.7490234375 0.529296875 0.837890625 0.53515625 0.8408203125 0.458984375 0.75390625 0.451171875
0 0.744140625 0.5283203125 0.7392578125 0.60546875 0.828125 0.611328125 0.83203125 0.5341796875 0.744140625 0.5283203125
0 0.7333984375 0.60546875 0.7265625 0.6845703125 0.818359375 0.6904296875 0.822265625 0.6123046875 0.7333984375 0.60546875
0 0.72265625 0.6826171875 0.7177734375 0.7568359375 0.8095703125 0.7626953125 0.8125 0.6884765625 0.72265625 0.6826171875
0 0.71484375 0.759765625 0.7099609375 0.8359375 0.80078125 0.841796875 0.8046875 0.7666015625 0.71484375 0.759765625
0 0.7041015625 0.8359375 0.697265625 0.9140625 0.79296875 0.9228515625 0.7958984375 0.84375 0.7041015625 0.8359375
0 0.6884765625 0.9130859375 0.68359375 0.9892578125 0.783203125 0.99609375 0.7861328125 0.9189453125 0.6884765625 0.9130859375
0 0.951171875 0.8603515625 0.8486328125 0.8486328125 0.837890625 0.92578125 0.9404296875 0.9384765625 0.951171875 0.8603515625
0 0.9619140625 0.783203125 0.8603515625 0.771484375 0.84765625 0.849609375 0.9521484375 0.8623046875 0.9619140625 0.783203125
0 0.869140625 0.6953125 0.859375 0.771484375 0.9599609375 0.7822265625 0.9697265625 0.703125 0.869140625 0.6953125
0 0.8779296875 0.6162109375 0.8681640625 0.6923828125 0.9677734375 0.7021484375 0.9755859375 0.626953125 0.8779296875 0.6162109375
0 0.8857421875 0.541015625 0.8779296875 0.6162109375 0.9794921875 0.6240234375 0.986328125 0.546875 0.8857421875 0.541015625
0 0.900390625 0.4638671875 0.8935546875 0.5400390625 0.98828125 0.5478515625 0.994140625 0.4716796875 0.900390625 0.4638671875