1 0.2666015625 0.1103515625 0.1416015625 0.1220703125 0.1806640625 0.478515625 0.30078125 0.4697265625 0.2666015625 0.1103515625
1 0.265625 0.1103515625 0.3017578125 0.4697265625 0.42578125 0.4560546875 0.392578125 0.09765625 0.265625 0.1103515625
1 0.42578125 0.4560546875 0.5517578125 0.443359375 0.513671875 0.0859375 0.3896484375 0.0986328125 0.42578125 0.4560546875
1 0.638671875 0.0732421875 0.515625 0.087890625 0.5537109375 0.443359375 0.6748046875 0.43359375 0.638671875 0.0732421875
1 0.6767578125 0.4345703125 0.8017578125 0.4208984375 0.76171875 0.060546875 0.638671875 0.0751953125 0.6767578125 0.4345703125
1 0.76171875 0.0615234375 0.8017578125 0.4189453125 0.9267578125 0.4052734375 0.8876953125 0.0498046875 0.76171875 0.0615234375
0 0.96875 0.810546875 0.9306640625 0.455078125 0.8037109375 0.466796875 0.841796875 0.826171875 0.96875 0.810546875
0 0.8408203125 0.822265625 0.8037109375 0.466796875 0.6806640625 0.4794921875 0.7197265625 0.8369140625 0.8408203125 0.822265625
0 0.5947265625 0.84765625 0.71875 0.833984375 0.6806640625 0.4794921875 0.5576171875 0.490234375 0.5947265625 0.84765625
0 0.5947265625 0.849609375 0.556640625 0.4912109375 0.4326171875 0.50390625 0.4716796875 0.86328125 0.5947265625 0.849609375
0 0.470703125 0.8623046875 0.4326171875 0.50390625 0.30859375 0.517578125 0.34765625 0.8740234375 0.470703125 0.8623046875
0 0.2216796875 0.88671875 0.3486328125 0.8701171875 0.30859375 0.5166015625 0.185546875 0.5283203125 0.2216796875 0.88671875