1 0.0751953125 0.294921875 0.154296875 0.650390625 0.263671875 0.6259765625 0.1806640625 0.271484375 0.0751953125 0.294921875
0 0.1806640625 0.271484375 0.2607421875 0.625 0.380859375 0.59765625 0.2998046875 0.244140625 0.1806640625 0.271484375
0 0.2998046875 0.2431640625 0.37890625 0.5986328125 0.498046875 0.5732421875 0.416015625 0.21484375 0.2998046875 0.2431640625
0 0.416015625 0.21484375 0.4951171875 0.572265625 0.609375 0.5458984375 0.52734375 0.1875 0.416015625 0.21484375
1 0.5283203125 0.1875 0.609375 0.548828125 0.7255859375 0.517578125 0.6416015625 0.1650390625 0.5283203125 0.1875
0 0.6416015625 0.1650390625 0.72265625 0.517578125 0.8408203125 0.4921875 0.76171875 0.1337890625 0.6416015625 0.1650390625
0 0.76171875 0.1337890625 0.8388671875 0.4921875 0.9580078125 0.466796875 0.875 0.1044921875 0.76171875 0.1337890625
0 0.921875 0.8466796875 0.8408203125 0.4931640625 0.7216796875 0.5185546875 0.8017578125 0.875 0.921875 0.8466796875
0 0.8037109375 0.8759765625 0.7216796875 0.5185546875 0.6083984375 0.54296875 0.6904296875 0.9013671875 0.8037109375 0.8759765625
0 0.69140625 0.8974609375 0.6083984375 0.54296875 0.4970703125 0.5712890625 0.576171875 0.92578125 0.69140625 0.8974609375
0 0.5791015625 0.9248046875 0.4970703125 0.5712890625 0.380859375 0.599609375 0.4599609375 0.9521484375 0.5791015625 0.9248046875
1 0.4609375 0.951171875 0.380859375 0.599609375 0.26171875 0.6240234375 0.3427734375 0.9794921875 0.4609375 0.951171875
0 0.345703125 0.9775390625 0.26171875 0.6240234375 0.154296875 0.6513671875 0.2373046875 1 0.345703125 0.9775390625