0 0.0966796875 0.24072265625 0.18408203125 0.11865234375
0 0.09716796875 0.35791015625 0.18212890625 0.11572265625
0 0.09814453125 0.47509765625 0.18408203125 0.11865234375
0 0.0986328125 0.59326171875 0.18310546875 0.11767578125
0 0.0986328125 0.7099609375 0.18408203125 0.11572265625
0 0.09912109375 0.82666015625 0.18310546875 0.11865234375
0 0.09814453125 0.9423828125 0.18212890625 0.11474609375
0 0.48876953125 0.94189453125 0.17919921875 0.1162109375
0 0.69384765625 0.94287109375 0.1806640625 0.11376953125
1 0.69287109375 0.8271484375 0.18212890625 0.11767578125
1 0.69287109375 0.7109375 0.18212890625 0.11572265625
0 0.6923828125 0.59375 0.18408203125 0.11865234375
1 0.69189453125 0.47607421875 0.18310546875 0.11669921875
0 0.69287109375 0.35986328125 0.1806640625 0.11572265625
1 0.6923828125 0.24169921875 0.17919921875 0.12060546875
0 0.4873046875 0.240234375 0.18310546875 0.11962890625
1 0.4873046875 0.35888671875 0.18310546875 0.11767578125
0 0.4873046875 0.4755859375 0.18310546875 0.11572265625
1 0.48779296875 0.59326171875 0.18212890625 0.11962890625
0 0.48779296875 0.71044921875 0.18212890625 0.11474609375
0 0.48779296875 0.82568359375 0.18212890625 0.11669921875