0 0.5087890625 0.884765625 0.6875 0.95703125 0.7041015625 0.623046875 0.5703125 0.57421875 0.5087890625 0.884765625
0 0.4384765625 0.5263671875 0.3291015625 0.8251953125 0.5068359375 0.8837890625 0.5693359375 0.5751953125 0.4384765625 0.5263671875
1 0.154296875 0.7548828125 0.3291015625 0.82421875 0.4365234375 0.525390625 0.3046875 0.4755859375 0.154296875 0.7548828125
1 0.15234375 0.7548828125 0.3037109375 0.478515625 0.1767578125 0.427734375 0 0.67578125 0.15234375 0.7548828125
1 0.2900390625 0.27734375 0.1767578125 0.427734375 0.3056640625 0.474609375 0.3955078125 0.3134765625 0.2900390625 0.27734375
1 0.3046875 0.4755859375 0.4384765625 0.525390625 0.501953125 0.3505859375 0.39453125 0.314453125 0.3046875 0.4755859375
1 0.1767578125 0.431640625 0.2900390625 0.2783203125 0.185546875 0.240234375 0.048828125 0.3828125 0.1767578125 0.431640625
1 0.5 0.3515625 0.4375 0.5244140625 0.5703125 0.5751953125 0.6083984375 0.3876953125 0.5 0.3515625
1 0.5712890625 0.57421875 0.7041015625 0.623046875 0.7119140625 0.4248046875 0.6064453125 0.38671875 0.5712890625 0.57421875
0 0.7138671875 0.427734375 0.7041015625 0.625 0.8388671875 0.673828125 0.8193359375 0.4638671875 0.7138671875 0.427734375
1 0.8193359375 0.306640625 0.80859375 0.2197265625 0.736328125 0.1953125 0.734375 0.2783203125 0.8193359375 0.306640625
1 0.7373046875 0.1962890625 0.6630859375 0.1689453125 0.6484375 0.248046875 0.7333984375 0.27734375 0.7373046875 0.1962890625
1 0.6484375 0.248046875 0.6630859375 0.1689453125 0.5908203125 0.142578125 0.5654296875 0.2177734375 0.6484375 0.248046875
1 0.478515625 0.1875 0.5654296875 0.2177734375 0.58984375 0.142578125 0.5205078125 0.1162109375 0.478515625 0.1875
1 0.51953125 0.1171875 0.4482421875 0.091796875 0.3984375 0.16015625 0.482421875 0.1875 0.51953125 0.1171875
1 0.396484375 0.16015625 0.4462890625 0.0927734375 0.3759765625 0.06640625 0.3134765625 0.12890625 0.396484375 0.16015625
1 0.3154296875 0.12890625 0.373046875 0.06640625 0.3046875 0.0419921875 0.2294921875 0.1015625 0.3154296875 0.12890625
1 0.818359375 0.3076171875 0.904296875 0.337890625 0.884765625 0.248046875 0.8095703125 0.2197265625 0.818359375 0.3076171875