1 0.113671875 0.546875 0.1455078125 0.6767578125 0.224609375 0.6220703125 0.1849609375 0.49609375 0.113671875 0.546875
1 0.18359375 0.49609375 0.2236328125 0.6240234375 0.2919921875 0.576171875 0.2490234375 0.4541015625 0.18359375 0.49609375
1 0.2484375 0.453125 0.2904296875 0.576171875 0.3607421875 0.525390625 0.3109375 0.4072265625 0.2484375 0.453125
1 0.3109375 0.408203125 0.3607421875 0.5263671875 0.428125 0.478515625 0.3734375 0.36328125 0.3109375 0.408203125
0 0.3734375 0.36328125 0.4291015625 0.4794921875 0.4974609375 0.4287109375 0.437890625 0.3154296875 0.3734375 0.36328125
1 0.437890625 0.3154296875 0.4974609375 0.4306640625 0.5677734375 0.3798828125 0.504296875 0.26953125 0.437890625 0.3154296875
1 0.504296875 0.26953125 0.566796875 0.380859375 0.637109375 0.3310546875 0.5677734375 0.22265625 0.504296875 0.26953125
1 0.5677734375 0.22265625 0.6361328125 0.33203125 0.707421875 0.2802734375 0.633203125 0.177734375 0.5677734375 0.22265625
1 0.633203125 0.177734375 0.7064453125 0.28125 0.7796875 0.228515625 0.69765625 0.126953125 0.633203125 0.177734375
1 0.69765625 0.126953125 0.777734375 0.2294921875 0.85 0.1787109375 0.758203125 0.0830078125 0.69765625 0.126953125
1 0.4564453125 0.75390625 0.5541015625 1 0.6458984375 0.939453125 0.531640625 0.6982421875 0.4564453125 0.75390625
1 0.531640625 0.6982421875 0.646875 0.94140625 0.734765625 0.880859375 0.609765625 0.642578125 0.531640625 0.6982421875
1 0.609765625 0.642578125 0.734765625 0.8818359375 0.8275390625 0.81640625 0.6859375 0.5869140625 0.609765625 0.642578125
1 0.6859375 0.5869140625 0.8294921875 0.822265625 0.92421875 0.7529296875 0.76796875 0.53125 0.6859375 0.5869140625