0 0.0888671875 0.0634765625 0.1259765625 0.2294921875 0.23828125 0.2060546875 0.197265625 0.041015625 0.0888671875 0.0634765625
0 0.3037109375 0.0205078125 0.197265625 0.041015625 0.236328125 0.2041015625 0.3486328125 0.1796875 0.3037109375 0.0205078125
0 0.34765625 0.1826171875 0.4541015625 0.158203125 0.4111328125 0 0.302734375 0.01953125 0.34765625 0.1826171875
0 0.013671875 0.251953125 0.044921875 0.4296875 0.16796875 0.40625 0.1240234375 0.2294921875 0.013671875 0.251953125
1 0.126953125 0.228515625 0.1669921875 0.40625 0.2802734375 0.380859375 0.2392578125 0.2060546875 0.126953125 0.228515625
0 0.3935546875 0.3544921875 0.345703125 0.1826171875 0.236328125 0.205078125 0.2783203125 0.380859375 0.3935546875 0.3544921875
0 0.3486328125 0.1826171875 0.392578125 0.3564453125 0.505859375 0.33203125 0.45703125 0.16015625 0.3486328125 0.1826171875
0 0.5615234375 0.1376953125 0.4541015625 0.1591796875 0.50390625 0.33203125 0.615234375 0.30859375 0.5615234375 0.1376953125
1 0.5634765625 0.134765625 0.615234375 0.306640625 0.7255859375 0.28125 0.66796875 0.11328125 0.5634765625 0.134765625
0 0.6689453125 0.1142578125 0.7255859375 0.28125 0.8330078125 0.2568359375 0.77734375 0.08984375 0.6689453125 0.1142578125
1 0.8330078125 0.2568359375 0.9443359375 0.2333984375 0.87890625 0.0673828125 0.7734375 0.0908203125 0.8330078125 0.2568359375
1 0.9775390625 0.654296875 0.9072265625 0.4619140625 0.7919921875 0.48828125 0.859375 0.6796875 0.9775390625 0.654296875
0 0.8583984375 0.6796875 0.7919921875 0.48828125 0.6767578125 0.513671875 0.73828125 0.7119140625 0.8583984375 0.6796875
0 0.740234375 0.7099609375 0.6767578125 0.513671875 0.5654296875 0.541015625 0.62109375 0.7373046875 0.740234375 0.7099609375
0 0.6220703125 0.7392578125 0.5654296875 0.541015625 0.451171875 0.568359375 0.50390625 0.765625 0.6220703125 0.7392578125
0 0.5029296875 0.765625 0.451171875 0.568359375 0.330078125 0.59375 0.380859375 0.7978515625 0.5029296875 0.765625
0 0.380859375 0.7939453125 0.330078125 0.59375 0.2099609375 0.623046875 0.2578125 0.8232421875 0.380859375 0.7939453125
0 0.259765625 0.8251953125 0.2099609375 0.623046875 0.0859375 0.646484375 0.134765625 0.8525390625 0.259765625 0.8251953125
0 0.9296875 0.8916015625 0.8583984375 0.681640625 0.7431640625 0.7080078125 0.8056640625 0.919921875 0.9296875 0.8916015625
0 0.8056640625 0.919921875 0.7431640625 0.7080078125 0.6220703125 0.736328125 0.6826171875 0.947265625 0.8056640625 0.919921875
1 0.6220703125 0.736328125 0.5029296875 0.763671875 0.5615234375 0.982421875 0.6845703125 0.9482421875 0.6220703125 0.736328125