0 0.05078125 0.064453125 0.0380859375 0.15234375 0.1220703125 0.1474609375 0.130859375 0.0625 0.05078125 0.064453125
1 0.130859375 0.0625 0.1220703125 0.146484375 0.2041015625 0.1435546875 0.2080078125 0.05859375 0.130859375 0.0625
0 0.20703125 0.05859375 0.203125 0.1435546875 0.283203125 0.1396484375 0.2861328125 0.0556640625 0.20703125 0.05859375
0 0.2841796875 0.0537109375 0.283203125 0.138671875 0.365234375 0.1376953125 0.3662109375 0.0517578125 0.2841796875 0.0537109375
0 0.365234375 0.134765625 0.4423828125 0.130859375 0.4404296875 0.0478515625 0.36328125 0.05078125 0.365234375 0.134765625
0 0.4423828125 0.048828125 0.439453125 0.1328125 0.5224609375 0.1279296875 0.51953125 0.0458984375 0.4423828125 0.048828125
1 0.51953125 0.0458984375 0.521484375 0.1279296875 0.603515625 0.123046875 0.5966796875 0.0419921875 0.51953125 0.0458984375
0 0.67578125 0.03515625 0.59765625 0.041015625 0.6015625 0.123046875 0.6845703125 0.115234375 0.67578125 0.03515625
0 0.6767578125 0.0361328125 0.6845703125 0.115234375 0.763671875 0.1083984375 0.75390625 0.029296875 0.6767578125 0.0361328125
0 0.75390625 0.0283203125 0.763671875 0.1083984375 0.8447265625 0.1015625 0.830078125 0.0205078125 0.75390625 0.0283203125
0 0.8310546875 0.0205078125 0.8447265625 0.1015625 0.927734375 0.08984375 0.912109375 0.0087890625 0.8310546875 0.0205078125
0 0.9453125 0.1787109375 0.927734375 0.0908203125 0.8447265625 0.1005859375 0.8583984375 0.1884765625 0.9453125 0.1787109375
0 0.8447265625 0.1005859375 0.763671875 0.109375 0.775390625 0.1953125 0.861328125 0.189453125 0.8447265625 0.1005859375
0 0.689453125 0.2021484375 0.7744140625 0.1953125 0.763671875 0.109375 0.6826171875 0.1162109375 0.689453125 0.2021484375
0 0.6826171875 0.1162109375 0.6005859375 0.123046875 0.607421875 0.2060546875 0.6904296875 0.2001953125 0.6826171875 0.1162109375
1 0.6015625 0.1240234375 0.5224609375 0.1298828125 0.5244140625 0.212890625 0.6083984375 0.208984375 0.6015625 0.1240234375
1 0.4453125 0.21875 0.525390625 0.212890625 0.521484375 0.126953125 0.44140625 0.1337890625 0.4453125 0.21875
1 0.44140625 0.1337890625 0.361328125 0.1357421875 0.3623046875 0.2265625 0.4453125 0.2197265625 0.44140625 0.1337890625
1 0.2841796875 0.1396484375 0.279296875 0.2294921875 0.3623046875 0.2255859375 0.3623046875 0.1357421875 0.2841796875 0.1396484375
1 0.025390625 0.244140625 0.11328125 0.240234375 0.12109375 0.1474609375 0.0390625 0.150390625 0.025390625 0.244140625
1 0.12109375 0.1474609375 0.1103515625 0.240234375 0.1962890625 0.2373046875 0.2021484375 0.1435546875 0.12109375 0.1474609375
1 0.2021484375 0.1435546875 0.1962890625 0.234375 0.2763671875 0.2294921875 0.283203125 0.140625 0.2021484375 0.1435546875
1 0.0146484375 0.3486328125 0.0009765625 0.455078125 0.0927734375 0.451171875 0.1015625 0.34375 0.0146484375 0.3486328125
1 0.1025390625 0.34375 0.09375 0.4501953125 0.181640625 0.4443359375 0.1865234375 0.3388671875 0.1025390625 0.34375
1 0.1884765625 0.337890625 0.1796875 0.4443359375 0.271484375 0.4404296875 0.2763671875 0.3330078125 0.1884765625 0.337890625
1 0.2763671875 0.3330078125 0.26953125 0.4404296875 0.3583984375 0.4326171875 0.3623046875 0.328125 0.2763671875 0.3330078125
0 0.3603515625 0.3271484375 0.3583984375 0.435546875 0.4482421875 0.4306640625 0.4453125 0.322265625 0.3603515625 0.3271484375
1 0.4443359375 0.3212890625 0.4482421875 0.4306640625 0.53515625 0.4248046875 0.53125 0.31640625 0.4443359375 0.3212890625
0 0.53125 0.3154296875 0.537109375 0.4248046875 0.6240234375 0.4208984375 0.6162109375 0.3095703125 0.53125 0.3154296875
0 0.6162109375 0.3095703125 0.6220703125 0.4189453125 0.71484375 0.4130859375 0.7021484375 0.3037109375 0.6162109375 0.3095703125
1 0.7021484375 0.3037109375 0.7119140625 0.4140625 0.80078125 0.408203125 0.7880859375 0.294921875 0.7021484375 0.3037109375
0 0.7880859375 0.296875 0.802734375 0.4072265625 0.8935546875 0.4033203125 0.8759765625 0.2880859375 0.7880859375 0.296875
1 0.8759765625 0.2880859375 0.8935546875 0.4033203125 0.9853515625 0.3935546875 0.962890625 0.2822265625 0.8759765625 0.2880859375
1 0.9130859375 0.5224609375 0.8935546875 0.4052734375 0.8017578125 0.4091796875 0.8193359375 0.5322265625 0.9130859375 0.5224609375
0 0.8017578125 0.4091796875 0.7109375 0.4140625 0.7265625 0.533203125 0.8173828125 0.5283203125 0.8017578125 0.4091796875
1 0.6328125 0.5390625 0.7255859375 0.5302734375 0.712890625 0.4140625 0.623046875 0.4208984375 0.6328125 0.5390625
0 0.6337890625 0.5390625 0.625 0.421875 0.537109375 0.4228515625 0.54296875 0.54296875 0.6337890625 0.5390625
1 0.537109375 0.4228515625 0.4462890625 0.427734375 0.4501953125 0.546875 0.54296875 0.54296875 0.537109375 0.4228515625
1 0.4501953125 0.5458984375 0.44921875 0.431640625 0.359375 0.4345703125 0.3603515625 0.548828125 0.4501953125 0.5458984375
1 0.267578125 0.5546875 0.3603515625 0.548828125 0.3583984375 0.435546875 0.2685546875 0.439453125 0.267578125 0.5546875
0 0.26953125 0.5556640625 0.2705078125 0.4375 0.1806640625 0.4462890625 0.171875 0.5595703125 0.26953125 0.5556640625
1 0.1806640625 0.4462890625 0.091796875 0.44921875 0.080078125 0.5673828125 0.173828125 0.5615234375 0.1806640625 0.4462890625
1 0.0693359375 0.69921875 0.0546875 0.8369140625 0.154296875 0.8291015625 0.166015625 0.69140625 0.0693359375 0.69921875
1 0.15234375 0.8271484375 0.2568359375 0.822265625 0.263671875 0.6865234375 0.1630859375 0.6904296875 0.15234375 0.8271484375
1 0.263671875 0.685546875 0.2568359375 0.8203125 0.35546875 0.8125 0.3564453125 0.6826171875 0.263671875 0.685546875
1 0.3564453125 0.6845703125 0.35546875 0.81640625 0.455078125 0.810546875 0.4501953125 0.6806640625 0.3564453125 0.6845703125
1 0.4501953125 0.6806640625 0.453125 0.8134765625 0.5537109375 0.8076171875 0.546875 0.6748046875 0.4501953125 0.6806640625
0 0.546875 0.6748046875 0.5517578125 0.8076171875 0.654296875 0.7998046875 0.6435546875 0.6708984375 0.546875 0.6748046875
1 0.6435546875 0.6708984375 0.6533203125 0.798828125 0.7548828125 0.791015625 0.740234375 0.666015625 0.6435546875 0.6708984375
0 0.740234375 0.666015625 0.7529296875 0.7939453125 0.8544921875 0.791015625 0.8349609375 0.6650390625 0.740234375 0.666015625
1 0.8330078125 0.6640625 0.8544921875 0.7919921875 0.95703125 0.7841796875 0.9365234375 0.658203125 0.8330078125 0.6640625
1 0.982421875 0.9248046875 0.9580078125 0.787109375 0.853515625 0.7919921875 0.8740234375 0.9287109375 0.982421875 0.9248046875
1 0.853515625 0.7919921875 0.75390625 0.7939453125 0.7685546875 0.9365234375 0.8779296875 0.9296875 0.853515625 0.7919921875
1 0.7685546875 0.93359375 0.7529296875 0.7939453125 0.6533203125 0.7998046875 0.666015625 0.9375 0.7685546875 0.93359375
1 0.55859375 0.9423828125 0.666015625 0.9375 0.6552734375 0.8017578125 0.5517578125 0.806640625 0.55859375 0.9423828125
1 0.552734375 0.80859375 0.455078125 0.8134765625 0.4560546875 0.9521484375 0.5615234375 0.943359375 0.552734375 0.80859375
1 0.45703125 0.9501953125 0.453125 0.8134765625 0.35546875 0.8173828125 0.3525390625 0.9560546875 0.45703125 0.9501953125
0 0.35546875 0.9541015625 0.3564453125 0.8173828125 0.2607421875 0.82421875 0.25 0.962890625 0.35546875 0.9541015625
1 0.2509765625 0.9619140625 0.2578125 0.822265625 0.154296875 0.826171875 0.142578125 0.9697265625 0.2509765625 0.9619140625
0 0.154296875 0.826171875 0.0537109375 0.8330078125 0.0380859375 0.9775390625 0.1435546875 0.9697265625 0.154296875 0.826171875