1 0.1435546875 0.193359375 0.09765625 0.5 0.203125 0.515625 0.248046875 0.208984375 0.1435546875 0.193359375
1 0.248046875 0.208984375 0.2021484375 0.515625 0.3115234375 0.5302734375 0.353515625 0.224609375 0.248046875 0.208984375
1 0.353515625 0.224609375 0.310546875 0.529296875 0.4140625 0.5439453125 0.45703125 0.23828125 0.353515625 0.224609375
0 0.45703125 0.23828125 0.4140625 0.5439453125 0.5185546875 0.560546875 0.5615234375 0.25390625 0.45703125 0.23828125
1 0.5615234375 0.25390625 0.51953125 0.5595703125 0.623046875 0.5771484375 0.66796875 0.267578125 0.5615234375 0.25390625
0 0.66796875 0.267578125 0.6240234375 0.576171875 0.7294921875 0.58984375 0.7734375 0.283203125 0.66796875 0.267578125
1 0.7734375 0.283203125 0.7314453125 0.5908203125 0.8369140625 0.603515625 0.87890625 0.2958984375 0.7734375 0.283203125
1 0.87890625 0.2958984375 0.8369140625 0.6025390625 0.9443359375 0.6181640625 0.9853515625 0.3115234375 0.87890625 0.2958984375
1 0.896484375 0.96875 0.935546875 0.6611328125 0.8310546875 0.64453125 0.7900390625 0.9501953125 0.896484375 0.96875
1 0.8310546875 0.64453125 0.724609375 0.6298828125 0.68359375 0.93359375 0.7890625 0.947265625 0.8310546875 0.64453125
1 0.68359375 0.9345703125 0.724609375 0.630859375 0.619140625 0.615234375 0.576171875 0.919921875 0.68359375 0.9345703125
1 0.470703125 0.9052734375 0.5771484375 0.9228515625 0.619140625 0.615234375 0.5126953125 0.6005859375 0.470703125 0.9052734375
0 0.4697265625 0.9072265625 0.513671875 0.59765625 0.41015625 0.5859375 0.3662109375 0.892578125 0.4697265625 0.9072265625
1 0.365234375 0.8916015625 0.41015625 0.5859375 0.3046875 0.5693359375 0.2607421875 0.8798828125 0.365234375 0.8916015625
1 0.2587890625 0.876953125 0.3046875 0.5693359375 0.197265625 0.556640625 0.154296875 0.8623046875 0.2587890625 0.876953125
0 0.197265625 0.556640625 0.09375 0.5419921875 0.05078125 0.8486328125 0.1552734375 0.861328125 0.197265625 0.556640625