0 0.0419921875 0.408203125 0.0244140625 0.50390625 0.115234375 0.490234375 0.1259765625 0.3984375 0.0419921875 0.408203125
1 0.125 0.3984375 0.115234375 0.4892578125 0.2080078125 0.478515625 0.216796875 0.38671875 0.125 0.3984375
1 0.216796875 0.38671875 0.2080078125 0.4775390625 0.298828125 0.4658203125 0.302734375 0.375 0.216796875 0.38671875
1 0.302734375 0.375 0.2998046875 0.46484375 0.390625 0.4521484375 0.3896484375 0.3642578125 0.302734375 0.375
1 0.3896484375 0.3642578125 0.390625 0.4521484375 0.4833984375 0.4404296875 0.474609375 0.353515625 0.3896484375 0.3642578125
1 0.4755859375 0.3505859375 0.482421875 0.439453125 0.576171875 0.4267578125 0.5654296875 0.33984375 0.4755859375 0.3505859375
1 0.576171875 0.427734375 0.763671875 0.404296875 0.7431640625 0.3173828125 0.5654296875 0.3408203125 0.576171875 0.427734375
1 0.7431640625 0.3173828125 0.7626953125 0.404296875 0.8583984375 0.3935546875 0.8349609375 0.3056640625 0.7431640625 0.3173828125
1 0.8369140625 0.3037109375 0.8583984375 0.3935546875 0.9521484375 0.3818359375 0.921875 0.2939453125 0.8369140625 0.3037109375
1 0.939453125 0.69140625 0.9052734375 0.568359375 0.8017578125 0.580078125 0.828125 0.7060546875 0.939453125 0.69140625
0 0.828125 0.70703125 0.8017578125 0.580078125 0.6982421875 0.591796875 0.71875 0.71875 0.828125 0.70703125
1 0.720703125 0.7197265625 0.701171875 0.5927734375 0.595703125 0.6064453125 0.611328125 0.7333984375 0.720703125 0.7197265625
0 0.611328125 0.7314453125 0.595703125 0.6064453125 0.4951171875 0.6201171875 0.501953125 0.7470703125 0.611328125 0.7314453125
1 0.50390625 0.7490234375 0.49609375 0.62109375 0.392578125 0.63671875 0.3935546875 0.7607421875 0.50390625 0.7490234375
1 0.3935546875 0.7607421875 0.392578125 0.634765625 0.294921875 0.6484375 0.2880859375 0.775390625 0.3935546875 0.7607421875
1 0.181640625 0.787109375 0.2880859375 0.775390625 0.294921875 0.6484375 0.1904296875 0.66015625 0.181640625 0.787109375
0 0.181640625 0.7900390625 0.19140625 0.6611328125 0.0888671875 0.673828125 0.0712890625 0.8037109375 0.181640625 0.7900390625
1 0.1787109375 0.7880859375 0.1689453125 0.9306640625 0.283203125 0.9169921875 0.2880859375 0.77734375 0.1787109375 0.7880859375
1 0.28515625 0.7744140625 0.283203125 0.9169921875 0.3955078125 0.9033203125 0.3955078125 0.76171875 0.28515625 0.7744140625
1 0.39453125 0.7607421875 0.3955078125 0.9033203125 0.51171875 0.8876953125 0.501953125 0.7470703125 0.39453125 0.7607421875
1 0.5029296875 0.748046875 0.51171875 0.8876953125 0.6279296875 0.873046875 0.611328125 0.732421875 0.5029296875 0.748046875
1 0.611328125 0.7333984375 0.626953125 0.873046875 0.7412109375 0.8583984375 0.7197265625 0.720703125 0.611328125 0.7333984375
1 0.7197265625 0.720703125 0.7412109375 0.85546875 0.857421875 0.84375 0.8271484375 0.7060546875 0.7197265625 0.720703125
1 0.8271484375 0.7060546875 0.8564453125 0.84375 0.9765625 0.830078125 0.9384765625 0.69140625 0.8271484375 0.7060546875
1 0.095703125 0.1650390625 0.0859375 0.2275390625 0.1650390625 0.21875 0.1728515625 0.154296875 0.095703125 0.1650390625
1 0.1650390625 0.21875 0.2431640625 0.208984375 0.248046875 0.1455078125 0.1728515625 0.154296875 0.1650390625 0.21875
1 0.248046875 0.14453125 0.2412109375 0.208984375 0.322265625 0.197265625 0.3251953125 0.1328125 0.248046875 0.14453125
1 0.560546875 0.166015625 0.552734375 0.103515625 0.4765625 0.111328125 0.4814453125 0.1767578125 0.560546875 0.166015625
1 0.482421875 0.17578125 0.4765625 0.111328125 0.4013671875 0.1201171875 0.4033203125 0.1875 0.482421875 0.17578125
1 0.40234375 0.185546875 0.3994140625 0.12109375 0.32421875 0.1318359375 0.3232421875 0.1953125 0.40234375 0.185546875
1 0.6318359375 0.0927734375 0.5546875 0.103515625 0.5595703125 0.1640625 0.640625 0.15234375 0.6318359375 0.0927734375
1 0.705078125 0.08203125 0.6318359375 0.0927734375 0.640625 0.1533203125 0.7216796875 0.1435546875 0.705078125 0.08203125
1 0.7060546875 0.080078125 0.7216796875 0.142578125 0.80078125 0.130859375 0.7841796875 0.068359375 0.7060546875 0.080078125
1 0.7822265625 0.0673828125 0.80078125 0.130859375 0.8818359375 0.12109375 0.861328125 0.05859375 0.7822265625 0.0673828125