1 0.6826171875 0.6796875 0.705078125 0.9140625 0.84375 0.912109375 0.79296875 0.671875 0.6826171875 0.6796875
1 0.7060546875 0.9140625 0.68359375 0.6796875 0.583984375 0.689453125 0.5849609375 0.9130859375 0.7060546875 0.9140625
1 0.583984375 0.689453125 0.4912109375 0.6962890625 0.4736328125 0.9189453125 0.5859375 0.916015625 0.583984375 0.689453125
1 0.3671875 0.921875 0.474609375 0.91796875 0.4921875 0.6953125 0.4052734375 0.7021484375 0.3671875 0.921875
1 0.3193359375 0.7109375 0.267578125 0.92578125 0.3671875 0.921875 0.4033203125 0.7041015625 0.3193359375 0.7109375
1 0.318359375 0.7109375 0.2353515625 0.7177734375 0.1708984375 0.92578125 0.265625 0.9267578125 0.318359375 0.7109375
1 0.15625 0.72265625 0.0810546875 0.9287109375 0.1708984375 0.9287109375 0.2353515625 0.716796875 0.15625 0.72265625
1 0.716796875 0.3466796875 0.64453125 0.359375 0.654296875 0.4765625 0.7373046875 0.4658203125 0.716796875 0.3466796875
1 0.57421875 0.4853515625 0.6533203125 0.4765625 0.64453125 0.357421875 0.5771484375 0.37109375 0.57421875 0.4853515625
1 0.578125 0.3720703125 0.5126953125 0.384765625 0.5029296875 0.494140625 0.578125 0.484375 0.578125 0.3720703125
1 0.4501953125 0.3935546875 0.431640625 0.50390625 0.5029296875 0.49609375 0.513671875 0.3818359375 0.4501953125 0.3935546875
1 0.3623046875 0.513671875 0.43359375 0.501953125 0.451171875 0.39453125 0.3916015625 0.40625 0.3623046875 0.513671875
1 0.3642578125 0.513671875 0.3935546875 0.404296875 0.3349609375 0.4150390625 0.298828125 0.521484375 0.3642578125 0.513671875
1 0.279296875 0.423828125 0.2353515625 0.5302734375 0.2978515625 0.5224609375 0.3369140625 0.4150390625 0.279296875 0.423828125
0 0.2265625 0.435546875 0.173828125 0.4423828125 0.1123046875 0.5498046875 0.171875 0.541015625 0.2265625 0.435546875
1 0.1728515625 0.5400390625 0.2373046875 0.5302734375 0.2802734375 0.42578125 0.2265625 0.435546875 0.1728515625 0.5400390625
1 0.1201171875 0.453125 0.0556640625 0.5595703125 0.115234375 0.5498046875 0.1728515625 0.4462890625 0.1201171875 0.453125
1 0.6357421875 0.2548828125 0.6416015625 0.3193359375 0.708984375 0.3056640625 0.6982421875 0.2412109375 0.6357421875 0.2548828125
1 0.6416015625 0.3203125 0.63671875 0.255859375 0.578125 0.2685546875 0.5791015625 0.33203125 0.6416015625 0.3203125
1 0.5791015625 0.267578125 0.5234375 0.2802734375 0.517578125 0.341796875 0.5771484375 0.3310546875 0.5791015625 0.267578125
1 0.4716796875 0.291015625 0.4599609375 0.353515625 0.515625 0.341796875 0.521484375 0.28125 0.4716796875 0.291015625
1 0.41796875 0.3056640625 0.404296875 0.36328125 0.4619140625 0.3515625 0.47265625 0.29296875 0.41796875 0.3056640625
1 0.3671875 0.31640625 0.3486328125 0.376953125 0.4033203125 0.365234375 0.41796875 0.306640625 0.3671875 0.31640625
1 0.3154296875 0.328125 0.2939453125 0.3857421875 0.349609375 0.3759765625 0.3671875 0.31640625 0.3154296875 0.328125
1 0.267578125 0.3388671875 0.2412109375 0.396484375 0.2939453125 0.384765625 0.314453125 0.3291015625 0.267578125 0.3388671875
1 0.22265625 0.3466796875 0.1943359375 0.404296875 0.2412109375 0.3955078125 0.26953125 0.337890625 0.22265625 0.3466796875
1 0.6259765625 0.1259765625 0.62890625 0.1748046875 0.68359375 0.162109375 0.6748046875 0.1123046875 0.6259765625 0.1259765625
1 0.6259765625 0.1279296875 0.5791015625 0.1416015625 0.578125 0.1904296875 0.6298828125 0.17578125 0.6259765625 0.1279296875
1 0.5341796875 0.19921875 0.5810546875 0.1884765625 0.5810546875 0.1396484375 0.537109375 0.1513671875 0.5341796875 0.19921875
1 0.537109375 0.1513671875 0.4921875 0.162109375 0.4873046875 0.2099609375 0.53515625 0.19921875 0.537109375 0.1513671875
1 0.4501953125 0.1728515625 0.44140625 0.21875 0.486328125 0.208984375 0.4931640625 0.162109375 0.4501953125 0.1728515625
1 0.4140625 0.1806640625 0.3974609375 0.2314453125 0.439453125 0.220703125 0.4521484375 0.171875 0.4140625 0.1806640625
1 0.373046875 0.1875 0.3525390625 0.23828125 0.396484375 0.23046875 0.4150390625 0.1787109375 0.373046875 0.1875