0 0.1298828125 0.2158203125 0.0419921875 0.3173828125 0.1142578125 0.3505859375 0.2001953125 0.2421875 0.1298828125 0.2158203125
1 0.2001953125 0.2421875 0.115234375 0.3486328125 0.1904296875 0.384765625 0.26953125 0.2734375 0.2001953125 0.2421875
1 0.26953125 0.2734375 0.19140625 0.3837890625 0.2744140625 0.4248046875 0.34765625 0.3095703125 0.26953125 0.2734375
1 0.349609375 0.3125 0.275390625 0.423828125 0.3525390625 0.4619140625 0.4189453125 0.34375 0.349609375 0.3125
1 0.4208984375 0.34375 0.3525390625 0.4619140625 0.4208984375 0.4892578125 0.4833984375 0.37109375 0.4208984375 0.34375
0 0.4833984375 0.37109375 0.4208984375 0.4912109375 0.486328125 0.51953125 0.5458984375 0.3974609375 0.4833984375 0.37109375
1 0.544921875 0.3955078125 0.4853515625 0.51953125 0.5595703125 0.552734375 0.6162109375 0.427734375 0.544921875 0.3955078125
1 0.6171875 0.4287109375 0.5595703125 0.552734375 0.6357421875 0.5927734375 0.6845703125 0.458984375 0.6171875 0.4287109375
1 0.6875 0.458984375 0.634765625 0.5926586904296876 0.7041015625 0.6258618154296876 0.7451171875 0.4842602529296875 0.6875 0.458984375
0 0.7470703125 0.484375 0.703125 0.625 0.7783203125 0.66015625 0.8134765625 0.5146484375 0.7470703125 0.484375
1 0.8134765625 0.5146484375 0.77734375 0.6591796875 0.8544921875 0.697265625 0.888671875 0.5458984375 0.8134765625 0.5146484375
0 0.888671875 0.5458984375 0.85546875 0.697265625 0.92578125 0.73046875 0.9521484375 0.572265625 0.888671875 0.5458984375