1 0.28515625 0.337890625 0.408203125 0.373046875 0.4853515625 0.171875 0.3740234375 0.1416015625 0.28515625 0.337890625
1 0.6025390625 0.1865234375 0.4921875 0.158203125 0.416015625 0.357421875 0.541015625 0.388671875 0.6025390625 0.1865234375
1 0.5498046875 0.36328125 0.67578125 0.3984375 0.72265625 0.1962890625 0.6083984375 0.166015625 0.5498046875 0.36328125
1 0.681640625 0.3740234375 0.80859375 0.4111328125 0.8388671875 0.2080078125 0.7265625 0.1787109375 0.681640625 0.3740234375
1 0.810546875 0.390625 0.9384765625 0.423828125 0.95703125 0.2216796875 0.84375 0.1943359375 0.810546875 0.390625
1 0.15234375 0.3271484375 0.2724609375 0.3662109375 0.3623046875 0.1650390625 0.25 0.1376953125 0.15234375 0.3271484375
1 0.716796875 0.9638671875 0.8232421875 0.88671875 0.662109375 0.697265625 0.5654296875 0.7607421875 0.716796875 0.9638671875
1 0.505859375 0.6884765625 0.3994140625 0.75 0.541015625 0.9580078125 0.65625 0.8828125 0.505859375 0.6884765625
1 0.3525390625 0.681640625 0.2294921875 0.740234375 0.361328125 0.953125 0.4921875 0.8857421875 0.3525390625 0.681640625
1 0.19140625 0.6748046875 0.064453125 0.73046875 0.181640625 0.9501953125 0.318359375 0.880859375 0.19140625 0.6748046875
1 0.81640625 0.703125 0.7216796875 0.765625 0.8935546875 0.9677734375 0.990234375 0.892578125 0.81640625 0.703125