1 0.1162109375 0.2607421875 0.0732421875 0.373046875 0.1689453125 0.3818359375 0.201171875 0.267578125 0.1162109375 0.2607421875
1 0.201171875 0.267578125 0.16796875 0.380859375 0.2783203125 0.3896484375 0.3046875 0.2783203125 0.201171875 0.267578125
1 0.3046875 0.2783203125 0.2783203125 0.392578125 0.3916015625 0.400390625 0.408203125 0.287109375 0.3046875 0.2783203125
1 0.408203125 0.287109375 0.390625 0.4013671875 0.486328125 0.41015625 0.4970703125 0.294921875 0.408203125 0.287109375
0 0.498046875 0.2958984375 0.4853515625 0.4111328125 0.5986328125 0.421875 0.6025390625 0.3046875 0.498046875 0.2958984375
0 0.603515625 0.3056640625 0.59765625 0.4208984375 0.7138671875 0.43359375 0.7060546875 0.3134765625 0.603515625 0.3056640625
1 0.7060546875 0.3134765625 0.7119140625 0.4326171875 0.810546875 0.44140625 0.7978515625 0.322265625 0.7060546875 0.3134765625
0 0.796875 0.3232421875 0.8095703125 0.4423828125 0.912109375 0.451171875 0.890625 0.330078125 0.796875 0.3232421875
0 0.1279296875 0.158203125 0.087890625 0.2568359375 0.1865234375 0.2666015625 0.2216796875 0.1669921875 0.1279296875 0.158203125
0 0.2216796875 0.1669921875 0.19140625 0.2685546875 0.291015625 0.2763671875 0.314453125 0.17578125 0.2216796875 0.1669921875
0 0.31640625 0.1767578125 0.291015625 0.2763671875 0.380859375 0.28515625 0.3984375 0.18359375 0.31640625 0.1767578125
1 0.3974609375 0.185546875 0.37890625 0.28515625 0.470703125 0.29296875 0.4814453125 0.1923828125 0.3974609375 0.185546875
1 0.4794921875 0.1904296875 0.470703125 0.29296875 0.5595703125 0.2998046875 0.5625 0.1982421875 0.4794921875 0.1904296875
1 0.564453125 0.19921875 0.5595703125 0.30078125 0.6474609375 0.30859375 0.646484375 0.2060546875 0.564453125 0.19921875
0 0.646484375 0.2060546875 0.6474609375 0.30859375 0.751953125 0.3193359375 0.7412109375 0.21484375 0.646484375 0.2060546875
0 0.7431640625 0.2138671875 0.751953125 0.3193359375 0.8544921875 0.326171875 0.837890625 0.2236328125 0.7431640625 0.2138671875
1 0.837890625 0.2216796875 0.8544921875 0.326171875 0.9453125 0.3359375 0.919921875 0.2294921875 0.837890625 0.2216796875
1 0.3603515625 0.0009765625 0.3388671875 0.072265625 0.4150390625 0.0791015625 0.4306640625 0.0048828125 0.3603515625 0.0009765625
1 0.4306640625 0.0048828125 0.4140625 0.0791015625 0.4892578125 0.0849609375 0.4990234375 0.0107421875 0.4306640625 0.0048828125
0 0.4990234375 0.0107421875 0.4912109375 0.0869140625 0.578125 0.0927734375 0.58203125 0.0205078125 0.4990234375 0.0107421875
0 0.58203125 0.021484375 0.5771484375 0.0947265625 0.6669921875 0.103515625 0.6650390625 0.0283203125 0.58203125 0.021484375
1 0.6650390625 0.0283203125 0.6669921875 0.103515625 0.7431640625 0.1083984375 0.7314453125 0.0361328125 0.6650390625 0.0283203125
1 0.7333984375 0.0341796875 0.7431640625 0.1083984375 0.822265625 0.115234375 0.80859375 0.0419921875 0.7333984375 0.0341796875
0 0.80859375 0.0419921875 0.8212890625 0.115234375 0.9111328125 0.123046875 0.8916015625 0.0498046875 0.80859375 0.0419921875
0 0.8916015625 0.0498046875 0.91015625 0.1240234375 1 0.1328125 0.974609375 0.0556640625 0.8916015625 0.0498046875
0 0.97265625 0.8134765625 0.9423828125 0.6337890625 0.806640625 0.62109375 0.8193359375 0.798828125 0.97265625 0.8134765625
0 0.8212890625 0.8017578125 0.806640625 0.62109375 0.6787109375 0.609375 0.6845703125 0.7861328125 0.8212890625 0.8017578125
0 0.6826171875 0.78515625 0.6796875 0.6083984375 0.5693359375 0.5966796875 0.5634765625 0.7744140625 0.6826171875 0.78515625
0 0.5654296875 0.775390625 0.5703125 0.595703125 0.462890625 0.5859375 0.447265625 0.76171875 0.5654296875 0.775390625
1 0.4462890625 0.76171875 0.462890625 0.5859375 0.357421875 0.57421875 0.3271484375 0.75 0.4462890625 0.76171875
0 0.3291015625 0.748046875 0.357421875 0.57421875 0.2333984375 0.5634765625 0.1875 0.732421875 0.3291015625 0.748046875
1 0.189453125 0.7353515625 0.2333984375 0.5634765625 0.1103515625 0.55078125 0.0556640625 0.7177734375 0.189453125 0.7353515625
1 0.5107421875 0.986328125 0.66796875 1 0.6669921875 0.7841796875 0.5263671875 0.7705078125 0.5107421875 0.986328125
1 0.5126953125 0.9873046875 0.5263671875 0.7705078125 0.4072265625 0.7568359375 0.3779296875 0.97265625 0.5126953125 0.9873046875
1 0.3798828125 0.9736328125 0.4072265625 0.7568359375 0.2900390625 0.7451171875 0.24609375 0.95703125 0.3798828125 0.9736328125
0 0.248046875 0.95703125 0.2900390625 0.7451171875 0.173828125 0.7333984375 0.1201171875 0.9404296875 0.248046875 0.95703125