0 0.9931640625 0.744140625 0.837890625 0.4375 0.7568359375 0.4677734375 0.8994140625 0.7734375 0.9931640625 0.744140625
1 0.8984375 0.7744140625 0.7568359375 0.4677734375 0.669921875 0.486328125 0.7978515625 0.798828125 0.8984375 0.7744140625
0 0.7978515625 0.798828125 0.669921875 0.486328125 0.576171875 0.5185546875 0.6884765625 0.8251953125 0.7978515625 0.798828125
1 0.6904296875 0.8251953125 0.576171875 0.5185546875 0.4921875 0.544921875 0.59375 0.8525390625 0.6904296875 0.8251953125
1 0.5947265625 0.8544921875 0.4921875 0.544921875 0.39453125 0.5703125 0.4912109375 0.8837890625 0.5947265625 0.8544921875
1 0.4921875 0.884765625 0.3955078125 0.5703125 0.3134765625 0.59765625 0.3896484375 0.91015625 0.4921875 0.884765625
0 0.3076171875 0.927734375 0.3896484375 0.9091796875 0.3173828125 0.59765625 0.236328125 0.62109375 0.3076171875 0.927734375
1 0.0703125 0.18359375 0.1064453125 0.3955078125 0.1796875 0.373046875 0.1337890625 0.1650390625 0.0703125 0.18359375
1 0.203125 0.1416015625 0.1337890625 0.1650390625 0.1787109375 0.3720703125 0.2548828125 0.3447265625 0.203125 0.1416015625
0 0.25390625 0.3427734375 0.3271484375 0.322265625 0.265625 0.1201171875 0.2021484375 0.1396484375 0.25390625 0.3427734375
0 0.2666015625 0.119140625 0.3251953125 0.322265625 0.40625 0.291015625 0.337890625 0.0947265625 0.2666015625 0.119140625
1 0.337890625 0.0947265625 0.40625 0.2919921875 0.4814453125 0.2626953125 0.408203125 0.0712890625 0.337890625 0.0947265625
1 0.408203125 0.0712890625 0.48046875 0.2626953125 0.5693359375 0.23828125 0.4892578125 0.044921875 0.408203125 0.0712890625
1 0.4892578125 0.044921875 0.5673828125 0.2373046875 0.6455078125 0.20703125 0.5595703125 0.0224609375 0.4892578125 0.044921875
1 0.6259765625 0.0048828125 0.5595703125 0.0224609375 0.642578125 0.20703125 0.7119140625 0.1845703125 0.6259765625 0.0048828125