1 0.814453125 0.439453125 0.822265625 0.2490234375 0.7666015625 0.2412109375 0.7470703125 0.4267578125 0.814453125 0.439453125
1 0.748046875 0.42578125 0.7666015625 0.2412109375 0.701171875 0.228515625 0.6787109375 0.41015625 0.748046875 0.42578125
0 0.6806640625 0.41015625 0.701171875 0.228515625 0.64453125 0.216796875 0.615234375 0.3974609375 0.6806640625 0.41015625
0 0.615234375 0.3974609375 0.646484375 0.216796875 0.5791015625 0.203125 0.5419921875 0.3818359375 0.615234375 0.3974609375
1 0.5419921875 0.3818359375 0.5810546875 0.2021484375 0.515625 0.189453125 0.47265625 0.3642578125 0.5419921875 0.3818359375
1 0.47265625 0.3642578125 0.515625 0.1884765625 0.4443359375 0.1748046875 0.39453125 0.3515625 0.47265625 0.3642578125
1 0.39453125 0.3515625 0.4443359375 0.173828125 0.37890625 0.1611328125 0.3271484375 0.3359375 0.39453125 0.3515625
0 0.26171875 0.3212890625 0.328125 0.3349609375 0.3818359375 0.1630859375 0.3193359375 0.154296875 0.26171875 0.3212890625
0 0.697265625 0.9248046875 0.7236328125 0.6494140625 0.65234375 0.6376953125 0.6201171875 0.919921875 0.697265625 0.9248046875
1 0.6201171875 0.9189453125 0.65234375 0.6376953125 0.580078125 0.623046875 0.5302734375 0.904296875 0.6201171875 0.9189453125
1 0.5322265625 0.908203125 0.580078125 0.623046875 0.4931640625 0.6103515625 0.4384765625 0.890625 0.5322265625 0.908203125
1 0.4375 0.8935546875 0.4931640625 0.6103515625 0.41796875 0.5947265625 0.3505859375 0.875 0.4375 0.8935546875
0 0.3515625 0.875 0.41796875 0.5947265625 0.3330078125 0.578125 0.255859375 0.8642578125 0.3515625 0.875
1 0.25390625 0.8662109375 0.3330078125 0.578125 0.25390625 0.5693359375 0.1640625 0.8525390625 0.25390625 0.8662109375
0 0.1630859375 0.8544921875 0.25390625 0.5693359375 0.1806640625 0.552734375 0.0771484375 0.8349609375 0.1630859375 0.8544921875
0 0.1806640625 0.552734375 0.1103515625 0.5283203125 0 0.81640625 0.08203125 0.8359375 0.1806640625 0.552734375