1 0.6865234375 0.255859375 0.69140625 0.51171875 0.7802734375 0.5126953125 0.7724609375 0.255859375 0.6865234375 0.255859375
1 0.6064453125 0.515625 0.693359375 0.515625 0.6865234375 0.255859375 0.6044921875 0.2568359375 0.6064453125 0.515625
1 0.60546875 0.2568359375 0.5205078125 0.255859375 0.5126953125 0.5146484375 0.60546875 0.513671875 0.60546875 0.2568359375
1 0.4267578125 0.513671875 0.515625 0.5146484375 0.521484375 0.255859375 0.4384765625 0.255859375 0.4267578125 0.513671875
1 0.4384765625 0.255859375 0.3544921875 0.2548828125 0.3349609375 0.5166015625 0.4267578125 0.515625 0.4384765625 0.255859375
1 0.2421875 0.515625 0.3359375 0.515625 0.35546875 0.2568359375 0.26953125 0.2529296875 0.2421875 0.515625
1 0.1474609375 0.5166015625 0.244140625 0.5146484375 0.271484375 0.2529296875 0.1845703125 0.2529296875 0.1474609375 0.5166015625
1 0.185546875 0.25390625 0.1064453125 0.25390625 0.060546875 0.5166015625 0.146484375 0.5185546875 0.185546875 0.25390625
1 0.783203125 0.513671875 0.6904296875 0.5126953125 0.7021484375 0.8212890625 0.80078125 0.8212890625 0.783203125 0.513671875
1 0.693359375 0.513671875 0.6064453125 0.513671875 0.60546875 0.8212890625 0.7041015625 0.822265625 0.693359375 0.513671875
1 0.5068359375 0.8212890625 0.60546875 0.8203125 0.60546875 0.5146484375 0.515625 0.513671875 0.5068359375 0.8212890625
1 0.505859375 0.822265625 0.515625 0.5166015625 0.42578125 0.5146484375 0.4072265625 0.8251953125 0.505859375 0.822265625
1 0.4091796875 0.8251953125 0.42578125 0.5146484375 0.3349609375 0.5166015625 0.310546875 0.8271484375 0.4091796875 0.8251953125
1 0.3095703125 0.830078125 0.3359375 0.513671875 0.2431640625 0.5146484375 0.205078125 0.8310546875 0.3095703125 0.830078125
1 0.1083984375 0.8310546875 0.208984375 0.830078125 0.244140625 0.5166015625 0.1484375 0.517578125 0.1083984375 0.8310546875
1 0.1474609375 0.51953125 0.0634765625 0.5185546875 0.009765625 0.83203125 0.109375 0.8291015625 0.1474609375 0.51953125