1 0.8486328125 0.3828125 0.8544921875 0.505859375 0.9140625 0.5048828125 0.9072265625 0.380859375 0.8486328125 0.3828125
1 0.8466796875 0.3837890625 0.7900390625 0.3837890625 0.7939453125 0.5068359375 0.8544921875 0.5068359375 0.8466796875 0.3837890625
1 0.7900390625 0.384765625 0.73046875 0.3857421875 0.732421875 0.505859375 0.794921875 0.5068359375 0.7900390625 0.384765625
1 0.671875 0.505859375 0.7333984375 0.505859375 0.732421875 0.3857421875 0.6728515625 0.384765625 0.671875 0.505859375
1 0.673828125 0.3828125 0.6123046875 0.3828125 0.6103515625 0.5068359375 0.6708984375 0.505859375 0.673828125 0.3828125
1 0.611328125 0.50390625 0.6142578125 0.380859375 0.5546875 0.3828125 0.5478515625 0.50390625 0.611328125 0.50390625
1 0.486328125 0.50390625 0.5478515625 0.50390625 0.5556640625 0.3837890625 0.49609375 0.380859375 0.486328125 0.50390625
0 0.49609375 0.3828125 0.439453125 0.3828125 0.4228515625 0.5068359375 0.48828125 0.5048828125 0.49609375 0.3828125
0 0.3662109375 0.5068359375 0.42578125 0.5048828125 0.4384765625 0.3837890625 0.37890625 0.3857421875 0.3662109375 0.5068359375
1 0.36328125 0.5078125 0.37890625 0.3876953125 0.32421875 0.390625 0.3056640625 0.5078125 0.36328125 0.5078125
1 0.25 0.509765625 0.3056640625 0.5068359375 0.3212890625 0.3916015625 0.26953125 0.3916015625 0.25 0.509765625
0 0.2490234375 0.509765625 0.267578125 0.390625 0.2138671875 0.3916015625 0.189453125 0.509765625 0.2490234375 0.509765625
0 0.212890625 0.390625 0.158203125 0.390625 0.134765625 0.5107421875 0.19140625 0.509765625 0.212890625 0.390625
1 0.080078125 0.5126953125 0.134765625 0.5107421875 0.16015625 0.3916015625 0.1103515625 0.39453125 0.080078125 0.5126953125
0 0.1103515625 0.39453125 0.0546875 0.3974609375 0.0244140625 0.51171875 0.0810546875 0.5107421875 0.1103515625 0.39453125
1 0.9375 0.904296875 0.931640625 0.7421875 0.8671875 0.7421875 0.8720703125 0.9072265625 0.9375 0.904296875
1 0.8701171875 0.90625 0.8671875 0.7421875 0.7998046875 0.7431640625 0.802734375 0.908203125 0.8701171875 0.90625
0 0.802734375 0.9091796875 0.7998046875 0.7431640625 0.7333984375 0.7451171875 0.7314453125 0.9091796875 0.802734375 0.9091796875
1 0.7314453125 0.9052734375 0.7333984375 0.7451171875 0.6650390625 0.744140625 0.6630859375 0.9072265625 0.7314453125 0.9052734375
1 0.6630859375 0.9091796875 0.6650390625 0.744140625 0.5986328125 0.7451171875 0.5927734375 0.908203125 0.6630859375 0.9091796875
1 0.5927734375 0.9091796875 0.5986328125 0.7451171875 0.53125 0.7451171875 0.521484375 0.9091796875 0.5927734375 0.9091796875
1 0.5234375 0.9091796875 0.5322265625 0.748046875 0.46484375 0.74609375 0.4521484375 0.91015625 0.5234375 0.9091796875
1 0.453125 0.91015625 0.46484375 0.74609375 0.4013671875 0.744140625 0.384765625 0.9072265625 0.453125 0.91015625
1 0.4013671875 0.744140625 0.337890625 0.744140625 0.318359375 0.9072265625 0.3828125 0.908203125 0.4013671875 0.744140625
0 0.25 0.9013671875 0.3193359375 0.9052734375 0.337890625 0.74609375 0.2724609375 0.7451171875 0.25 0.9013671875
1 0.2490234375 0.900390625 0.271484375 0.744140625 0.208984375 0.7421875 0.18359375 0.9013671875 0.2490234375 0.900390625
1 0.18359375 0.8984375 0.2099609375 0.744140625 0.150390625 0.7412109375 0.123046875 0.896484375 0.18359375 0.8984375
1 0.060546875 0.8935546875 0.123046875 0.896484375 0.150390625 0.744140625 0.091796875 0.7421875 0.060546875 0.8935546875