1 0.6533203125 0.779296875 0.75 0.7744140625 0.7333984375 0.72265625 0.64453125 0.7275390625 0.6533203125 0.779296875
1 0.720703125 0.6767578125 0.6318359375 0.681640625 0.640625 0.728515625 0.7333984375 0.72265625 0.720703125 0.6767578125
1 0.70703125 0.6337890625 0.6220703125 0.6396484375 0.630859375 0.681640625 0.7197265625 0.677734375 0.70703125 0.6337890625
1 0.6513671875 0.783203125 0.6630859375 0.83984375 0.767578125 0.83203125 0.7490234375 0.775390625 0.6513671875 0.783203125
1 0.6953125 0.5947265625 0.6142578125 0.599609375 0.62109375 0.638671875 0.7041015625 0.6357421875 0.6953125 0.5947265625
1 0.337890625 0.8515625 0.4140625 0.76171875 0.3740234375 0.72265625 0.2978515625 0.798828125 0.337890625 0.8515625
1 0.337890625 0.6796875 0.2587890625 0.748046875 0.296875 0.7978515625 0.3779296875 0.7216796875 0.337890625 0.6796875
1 0.3017578125 0.6396484375 0.2275390625 0.7001953125 0.2587890625 0.74609375 0.3408203125 0.6787109375 0.3017578125 0.6396484375
1 0.2734375 0.6015625 0.2001953125 0.6611328125 0.2275390625 0.703125 0.3056640625 0.63671875 0.2734375 0.6015625
1 0.30859375 0.443638392578125 0.33984375 0.423549107421875 0.3091517861328125 0.3984375 0.2767857138671875 0.4190848212890625 0.30859375 0.443638392578125
1 0.3392857138671875 0.381138392578125 0.310267857421875 0.3984375 0.3409598212890625 0.423549107421875 0.372767857421875 0.404575892578125 0.3392857138671875 0.381138392578125
1 0.4012276787109375 0.384486607421875 0.3671875 0.3627232138671875 0.3387276787109375 0.3800223212890625 0.373325892578125 0.4034598212890625 0.4012276787109375 0.384486607421875