1 0.23291015625 0.3173828125 0.1142578125 0.3525390625
0 0.234375 0.71240234375 0.1123046875 0.35107421875
1 0.34814453125 0.31689453125 0.115234375 0.35205078125
1 0.46142578125 0.3173828125 0.1123046875 0.3525390625
1 0.57568359375 0.3173828125 0.1142578125 0.35107421875
0 0.6904296875 0.318359375 0.1162109375 0.3515625
0 0.8046875 0.31982421875 0.1123046875 0.353515625
1 0.919921875 0.3193359375 0.11474609375 0.35107421875
0 0.3466796875 0.7119140625 0.11376953125 0.349609375
1 0.46240234375 0.71240234375 0.11328125 0.35107421875
1 0.576171875 0.71337890625 0.11083984375 0.35107421875
1 0.689453125 0.71337890625 0.1123046875 0.3486328125
0 0.80615234375 0.71533203125 0.11865234375 0.349609375
0 0.9208984375 0.7158203125 0.11328125 0.349609375