0 0.1806640625 0.275390625 0.13037109375 0.408203125
0 0.31201171875 0.275390625 0.1318359375 0.408203125
1 0.44384765625 0.27490234375 0.1318359375 0.4052734375
1 0.57568359375 0.27490234375 0.1318359375 0.4091796875
1 0.7080078125 0.27490234375 0.13427734375 0.4091796875
1 0.84326171875 0.2734375 0.1357421875 0.412109375
1 0.84375 0.74169921875 0.13525390625 0.4150390625
0 0.708984375 0.74169921875 0.1337890625 0.4150390625
0 0.57568359375 0.73876953125 0.13330078125 0.4091796875
1 0.443359375 0.73828125 0.13134765625 0.41015625
1 0.3134765625 0.736328125 0.12939453125 0.40625
1 0.18359375 0.73583984375 0.13037109375 0.4072265625