1 0.07666015625 0.25732421875 0.0947265625 0.40625
1 0.17236328125 0.255859375 0.09423828125 0.4091796875
1 0.265625 0.2548828125 0.09228515625 0.4072265625
1 0.35888671875 0.25634765625 0.0947265625 0.404296875
0 0.453125 0.25634765625 0.09375 0.404296875
1 0.54638671875 0.25634765625 0.09228515625 0.404296875
1 0.6396484375 0.25732421875 0.09423828125 0.40625
1 0.732421875 0.2578125 0.09130859375 0.4052734375
0 0.82568359375 0.2587890625 0.0947265625 0.4072265625
0 0.9189453125 0.259765625 0.091796875 0.4052734375
0 0.921875 0.7216796875 0.09326171875 0.408203125
0 0.828125 0.7216796875 0.09375 0.408203125
0 0.73486328125 0.7216796875 0.0927734375 0.408203125
0 0.640625 0.7197265625 0.09521484375 0.41259765625
0 0.5458984375 0.72314453125 0.09423828125 0.4189453125
0 0.4521484375 0.7236328125 0.09326171875 0.41748046875
0 0.357421875 0.72314453125 0.095703125 0.41650390625
0 0.2626953125 0.72314453125 0.09375 0.41650390625
0 0.1669921875 0.724609375 0.09765625 0.419921875
1 0.07177734375 0.7236328125 0.0927734375 0.421875