0 0.755859375 0.8408203125 0.587890625 0.4951171875 0.3955078125 0.5078125 0.4462890625 0.89453125 0.755859375 0.8408203125
0 0.4482421875 0.8896484375 0.396484375 0.5068359375 0.181640625 0.525390625 0.087890625 0.953125 0.4482421875 0.8896484375
0 0.310546875 0.296875 0.310546875 0.345703125 0.6044921875 0.3359375 0.57421875 0.2919921875 0.310546875 0.296875
0 0.57421875 0.2919921875 0.6044921875 0.3349609375 0.8701171875 0.3251953125 0.8095703125 0.283203125 0.57421875 0.2919921875
0 0.623046875 0.20703125 0.6796875 0.2568359375 0.775390625 0.2509765625 0.7001953125 0.2041015625 0.623046875 0.20703125
0 0.873046875 0.248046875 0.779296875 0.2001953125 0.7021484375 0.2041015625 0.775390625 0.2529296875 0.873046875 0.248046875
0 0.953125 0.244140625 0.861328125 0.201171875 0.779296875 0.2001953125 0.8681640625 0.25 0.953125 0.244140625
0 0.67578125 0.2548828125 0.6220703125 0.2060546875 0.533203125 0.20703125 0.5771484375 0.2587890625 0.67578125 0.2548828125
0 0.533203125 0.20703125 0.44140625 0.205078125 0.470703125 0.2607421875 0.576171875 0.2578125 0.533203125 0.20703125
0 0.3525390625 0.2080078125 0.3603515625 0.2626953125 0.4697265625 0.2607421875 0.4423828125 0.2060546875 0.3525390625 0.2080078125
0 0.3525390625 0.208984375 0.2529296875 0.208984375 0.2412109375 0.263671875 0.361328125 0.259765625 0.3525390625 0.208984375
0 0.11328125 0.26171875 0.2431640625 0.26171875 0.2529296875 0.208984375 0.1484375 0.208984375 0.11328125 0.26171875