0 0.008545 0.095703 0.062744 0.095703 0.062744 0.288086 0.008545 0.288086
1 0.062744 0.095703 0.114014 0.095703 0.114014 0.288086 0.062744 0.288086
0 0.114990 0.095703 0.166260 0.095703 0.166260 0.288086 0.114990 0.288086
1 0.168701 0.087891 0.221924 0.087891 0.221924 0.291992 0.168701 0.291992
0 0.220947 0.097656 0.274170 0.097656 0.274170 0.289062 0.220947 0.289062
0 0.274414 0.097656 0.326172 0.097656 0.326172 0.289062 0.274414 0.289062
0 0.326172 0.092773 0.379883 0.092773 0.379883 0.289062 0.326172 0.289062
0 0.380127 0.092773 0.431396 0.092773 0.431396 0.287109 0.380127 0.287109
1 0.431152 0.092773 0.484863 0.092773 0.484863 0.287109 0.431152 0.287109
1 0.485352 0.092773 0.538086 0.092773 0.538086 0.288086 0.485352 0.288086
1 0.538330 0.102539 0.591553 0.102539 0.591553 0.288086 0.538330 0.288086
1 0.590820 0.088867 0.642578 0.088867 0.642578 0.291016 0.590820 0.291016
1 0.643066 0.097656 0.697754 0.097656 0.697754 0.289062 0.643066 0.289062
0 0.697510 0.097656 0.749756 0.097656 0.749756 0.289062 0.697510 0.289062
1 0.750244 0.095703 0.803467 0.095703 0.803467 0.289062 0.750244 0.289062
1 0.803223 0.095703 0.855957 0.095703 0.855957 0.288086 0.803223 0.288086
1 0.856689 0.083984 0.910889 0.083984 0.910889 0.288086 0.856689 0.288086
1 0.910889 0.093750 0.958252 0.093750 0.958252 0.291016 0.910889 0.291016
1 0.009277 0.314941 0.062988 0.314941 0.062988 0.519043 0.009277 0.519043
0 0.063477 0.313965 0.115234 0.313965 0.115234 0.519043 0.063477 0.519043
0 0.114990 0.313965 0.168213 0.313965 0.168213 0.511230 0.114990 0.511230
1 0.168457 0.316895 0.221191 0.316895 0.221191 0.511230 0.168457 0.511230
1 0.221191 0.316895 0.273926 0.316895 0.273926 0.515137 0.221191 0.515137
0 0.274170 0.316895 0.326416 0.316895 0.326416 0.515137 0.274170 0.515137
1 0.326660 0.316895 0.380371 0.316895 0.380371 0.506348 0.326660 0.506348
1 0.380615 0.315918 0.432861 0.315918 0.432861 0.506348 0.380615 0.506348
1 0.432861 0.316895 0.486084 0.316895 0.486084 0.505371 0.432861 0.505371
0 0.485840 0.315918 0.538574 0.315918 0.538574 0.517090 0.485840 0.517090
1 0.537109 0.315918 0.589844 0.315918 0.589844 0.511230 0.537109 0.511230
1 0.589844 0.314941 0.642578 0.314941 0.642578 0.511230 0.589844 0.511230
1 0.643066 0.314941 0.697754 0.314941 0.697754 0.511230 0.643066 0.511230
1 0.697266 0.316895 0.750000 0.316895 0.750000 0.510254 0.697266 0.510254
1 0.750244 0.316895 0.804443 0.316895 0.804443 0.510254 0.750244 0.510254
1 0.804443 0.315918 0.856689 0.315918 0.856689 0.510254 0.804443 0.510254
1 0.856934 0.315918 0.909668 0.315918 0.909668 0.518066 0.856934 0.518066
1 0.909668 0.313965 0.958496 0.313965 0.958496 0.518066 0.909668 0.518066
0 0.011719 0.768555 0.066406 0.768555 0.066406 0.959961 0.011719 0.959961
0 0.066895 0.768555 0.117676 0.768555 0.117676 0.959961 0.066895 0.959961
1 0.117432 0.768555 0.171631 0.768555 0.171631 0.958984 0.117432 0.958984
1 0.171875 0.767578 0.223633 0.767578 0.223633 0.958984 0.171875 0.958984
1 0.223877 0.767578 0.276123 0.767578 0.276123 0.960938 0.223877 0.960938
1 0.277100 0.761719 0.327393 0.761719 0.327393 0.960938 0.277100 0.960938
1 0.327881 0.761719 0.382080 0.761719 0.382080 0.959961 0.327881 0.959961
0 0.382080 0.767578 0.434326 0.767578 0.434326 0.959961 0.382080 0.959961
1 0.434326 0.767578 0.485596 0.767578 0.485596 0.958008 0.434326 0.958008
1 0.485596 0.767578 0.539795 0.767578 0.539795 0.958008 0.485596 0.958008
1 0.540039 0.767578 0.589844 0.767578 0.589844 0.961914 0.540039 0.961914
1 0.590088 0.774414 0.643311 0.774414 0.643311 0.961914 0.590088 0.961914
1 0.643555 0.774414 0.697266 0.774414 0.697266 0.959961 0.643555 0.959961
1 0.697510 0.767578 0.750732 0.767578 0.750732 0.959961 0.697510 0.959961
1 0.751221 0.767578 0.803467 0.767578 0.803467 0.959961 0.751221 0.959961
1 0.803467 0.756836 0.856689 0.756836 0.856689 0.959961 0.803467 0.959961
1 0.856934 0.756836 0.910645 0.756836 0.910645 0.959961 0.856934 0.959961
1 0.910645 0.761719 0.955566 0.761719 0.955566 0.959961 0.910645 0.959961
