1 0.052734375 0.405598958984375 0.087890625 0.399088541015625 0.064453125 0.295572916015625 0.030598958984375 0.302083333984375 0.052734375 0.405598958984375
0 0.064453125 0.294921875 0.086588541015625 0.397135416015625 0.118489583984375 0.389973958984375 0.095703125 0.288411458984375 0.064453125 0.294921875
0 0.095703125 0.288411458984375 0.118489583984375 0.390625 0.150390625 0.382161458984375 0.126302083984375 0.280598958984375 0.095703125 0.288411458984375
0 0.126302083984375 0.280598958984375 0.149088541015625 0.3828125 0.181640625 0.375 0.156901041015625 0.272786458984375 0.126302083984375 0.280598958984375
0 0.179036458984375 0.373697916015625 0.212239583984375 0.3671875 0.188802083984375 0.265625 0.15625 0.2734375 0.179036458984375 0.373697916015625
0 0.21875 0.2578125 0.188802083984375 0.265625 0.211588541015625 0.367838541015625 0.244140625 0.360026041015625 0.21875 0.2578125
0 0.220703125 0.2578125 0.244791666015625 0.358072916015625 0.274739583984375 0.352213541015625 0.251302083984375 0.251953125 0.220703125 0.2578125
0 0.250651041015625 0.251302083984375 0.274739583984375 0.353515625 0.307942708984375 0.345703125 0.283854166015625 0.243489583984375 0.250651041015625 0.251302083984375
0 0.283854166015625 0.243489583984375 0.306640625 0.345052083984375 0.337890625 0.337239583984375 0.315104166015625 0.237630208984375 0.283854166015625 0.243489583984375
0 0.315104166015625 0.237630208984375 0.337890625 0.337239583984375 0.370442708984375 0.329427083984375 0.347005208984375 0.229166666015625 0.315104166015625 0.237630208984375
0 0.347005208984375 0.229166666015625 0.369140625 0.329427083984375 0.401041666015625 0.321614583984375 0.377604166015625 0.22265625 0.347005208984375 0.229166666015625
0 0.377604166015625 0.22265625 0.399739583984375 0.322265625 0.432291666015625 0.314453125 0.409505208984375 0.215494791015625 0.377604166015625 0.22265625
0 0.409505208984375 0.215494791015625 0.431640625 0.314453125 0.464192708984375 0.307942708984375 0.44140625 0.20703125 0.409505208984375 0.215494791015625
0 0.44140625 0.20703125 0.464192708984375 0.30859375 0.495442708984375 0.30078125 0.47265625 0.200520833984375 0.44140625 0.20703125
0 0.472005208984375 0.200520833984375 0.496744791015625 0.30078125 0.526692708984375 0.29296875 0.504557291015625 0.192708333984375 0.472005208984375 0.200520833984375
0 0.502604166015625 0.192708333984375 0.526692708984375 0.29296875 0.557942708984375 0.285807291015625 0.53515625 0.185546875 0.502604166015625 0.192708333984375
0 0.53515625 0.186197916015625 0.557942708984375 0.285807291015625 0.590494791015625 0.279296875 0.568359375 0.1796875 0.53515625 0.186197916015625
0 0.56640625 0.179036458984375 0.590494791015625 0.279296875 0.62109375 0.271484375 0.597005208984375 0.173177083984375 0.56640625 0.179036458984375
0 0.597005208984375 0.171875 0.62109375 0.271484375 0.653645833984375 0.264973958984375 0.630859375 0.1640625 0.597005208984375 0.171875
0 0.630859375 0.166015625 0.653645833984375 0.264973958984375 0.684895833984375 0.256510416015625 0.661458333984375 0.159505208984375 0.630859375 0.166015625
0 0.661458333984375 0.158854166015625 0.684895833984375 0.256510416015625 0.716145833984375 0.249348958984375 0.694010416015625 0.15234375 0.661458333984375 0.158854166015625
0 0.692708333984375 0.152994791015625 0.716145833984375 0.249348958984375 0.748046875 0.242838541015625 0.725260416015625 0.145833333984375 0.692708333984375 0.152994791015625
0 0.725260416015625 0.143880208984375 0.748046875 0.2421875 0.777994791015625 0.235677083984375 0.754557291015625 0.13671875 0.725260416015625 0.143880208984375
0 0.754557291015625 0.13671875 0.77734375 0.235677083984375 0.809244791015625 0.229166666015625 0.785807291015625 0.130859375 0.754557291015625 0.13671875
0 0.785807291015625 0.130859375 0.80859375 0.227213541015625 0.841796875 0.220703125 0.817708333984375 0.123046875 0.785807291015625 0.130859375
0 0.849609375 0.1171875 0.817708333984375 0.123046875 0.841796875 0.222005208984375 0.872395833984375 0.21484375 0.849609375 0.1171875
0 0.113932291015625 0.513020833984375 0.080078125 0.520182291015625 0.102864583984375 0.619140625 0.135416666015625 0.611328125 0.113932291015625 0.513020833984375
0 0.159505208984375 0.710286458984375 0.135416666015625 0.611328125 0.103515625 0.618489583984375 0.127604166015625 0.718098958984375 0.159505208984375 0.710286458984375
0 0.134765625 0.610026041015625 0.16796875 0.602864583984375 0.145182291015625 0.505859375 0.114583333984375 0.513020833984375 0.134765625 0.610026041015625
0 0.190104166015625 0.702473958984375 0.167317708984375 0.604817708984375 0.13671875 0.611328125 0.158854166015625 0.710286458984375 0.190104166015625 0.702473958984375
0 0.14453125 0.505208333984375 0.16796875 0.602213541015625 0.198567708984375 0.597005208984375 0.17578125 0.498046875 0.14453125 0.505208333984375
0 0.222005208984375 0.693359375 0.198567708984375 0.597005208984375 0.16796875 0.6015625 0.190755208984375 0.702473958984375 0.222005208984375 0.693359375
0 0.231119791015625 0.589192708984375 0.198567708984375 0.595052083984375 0.222005208984375 0.6953125 0.254557291015625 0.688151041015625 0.231119791015625 0.589192708984375
0 0.176432291015625 0.498697916015625 0.197916666015625 0.597005208984375 0.23046875 0.590494791015625 0.208333333984375 0.490885416015625 0.176432291015625 0.498697916015625
0 0.208333333984375 0.491536458984375 0.23046875 0.589192708984375 0.26171875 0.58203125 0.239583333984375 0.485026041015625 0.208333333984375 0.491536458984375
0 0.239583333984375 0.485026041015625 0.260416666015625 0.581380208984375 0.29296875 0.57421875 0.270182291015625 0.4765625 0.239583333984375 0.485026041015625
0 0.270182291015625 0.4765625 0.292317708984375 0.574869791015625 0.325520833984375 0.56640625 0.302083333984375 0.469401041015625 0.270182291015625 0.4765625
0 0.302083333984375 0.469401041015625 0.324869791015625 0.567057291015625 0.35546875 0.559244791015625 0.334635416015625 0.462239583984375 0.302083333984375 0.469401041015625
0 0.334635416015625 0.462239583984375 0.35546875 0.559244791015625 0.38671875 0.553385416015625 0.365234375 0.453776041015625 0.334635416015625 0.462239583984375
0 0.365234375 0.453776041015625 0.38671875 0.553385416015625 0.418619791015625 0.546223958984375 0.397135416015625 0.446614583984375 0.365234375 0.453776041015625
0 0.397135416015625 0.446614583984375 0.419270833984375 0.546223958984375 0.451171875 0.538411458984375 0.427734375 0.439453125 0.397135416015625 0.446614583984375
0 0.427734375 0.439453125 0.450520833984375 0.537760416015625 0.482421875 0.531901041015625 0.458333333984375 0.432942708984375 0.427734375 0.439453125
0 0.459635416015625 0.431640625 0.48046875 0.530598958984375 0.514322916015625 0.5234375 0.4921875 0.424479166015625 0.459635416015625 0.431640625
0 0.491536458984375 0.424479166015625 0.513020833984375 0.522786458984375 0.546223958984375 0.516927083984375 0.5234375 0.417317708984375 0.491536458984375 0.424479166015625
0 0.5234375 0.417317708984375 0.546875 0.516927083984375 0.576822916015625 0.509765625 0.554036458984375 0.409505208984375 0.5234375 0.417317708984375
0 0.554036458984375 0.409505208984375 0.575520833984375 0.508463541015625 0.607421875 0.500651041015625 0.584635416015625 0.403645833984375 0.554036458984375 0.409505208984375
0 0.584635416015625 0.403645833984375 0.606119791015625 0.501953125 0.638020833984375 0.493489583984375 0.616536458984375 0.395833333984375 0.584635416015625 0.403645833984375
0 0.616536458984375 0.396484375 0.639322916015625 0.494140625 0.669270833984375 0.486328125 0.647135416015625 0.388671875 0.616536458984375 0.396484375
0 0.647135416015625 0.388671875 0.669921875 0.486328125 0.702473958984375 0.479166666015625 0.680989583984375 0.380208333984375 0.647135416015625 0.388671875
0 0.680989583984375 0.380208333984375 0.700520833984375 0.479817708984375 0.734375 0.470703125 0.711588541015625 0.373046875 0.680989583984375 0.380208333984375
0 0.711588541015625 0.373046875 0.732421875 0.471354166015625 0.765625 0.463541666015625 0.744791666015625 0.366536458984375 0.711588541015625 0.373046875
0 0.744791666015625 0.366536458984375 0.765625 0.465494791015625 0.796875 0.458333333984375 0.7734375 0.358723958984375 0.744791666015625 0.366536458984375
0 0.796223958984375 0.457682291015625 0.828125 0.449869791015625 0.8046875 0.3515625 0.774088541015625 0.358072916015625 0.796223958984375 0.457682291015625
0 0.828125 0.449869791015625 0.859375 0.443359375 0.835286458984375 0.344401041015625 0.8046875 0.352213541015625 0.828125 0.449869791015625
0 0.836588541015625 0.345052083984375 0.858072916015625 0.44140625 0.890625 0.434244791015625 0.866536458984375 0.336588541015625 0.836588541015625 0.345052083984375
0 0.866536458984375 0.336588541015625 0.889322916015625 0.434895833984375 0.923177083984375 0.427083333984375 0.899088541015625 0.328125 0.866536458984375 0.336588541015625
0 0.231119791015625 0.588541666015625 0.25390625 0.688802083984375 0.283854166015625 0.681640625 0.261067708984375 0.58203125 0.231119791015625 0.588541666015625
0 0.26171875 0.582682291015625 0.283854166015625 0.680989583984375 0.315104166015625 0.673828125 0.293619791015625 0.57421875 0.26171875 0.582682291015625
0 0.293619791015625 0.57421875 0.315104166015625 0.671223958984375 0.34765625 0.664713541015625 0.325520833984375 0.568359375 0.293619791015625 0.57421875
0 0.325520833984375 0.568359375 0.346354166015625 0.667317708984375 0.380208333984375 0.657552083984375 0.357421875 0.559895833984375 0.325520833984375 0.568359375
0 0.357421875 0.559895833984375 0.378255208984375 0.658854166015625 0.41015625 0.649088541015625 0.38671875 0.554036458984375 0.357421875 0.559895833984375
0 0.38671875 0.553385416015625 0.409505208984375 0.649739583984375 0.442057291015625 0.642578125 0.418619791015625 0.545572916015625 0.38671875 0.553385416015625
0 0.442057291015625 0.642578125 0.475260416015625 0.633463541015625 0.451822916015625 0.538411458984375 0.419921875 0.545572916015625 0.442057291015625 0.642578125
0 0.451822916015625 0.538411458984375 0.474609375 0.635416666015625 0.505208333984375 0.626953125 0.481770833984375 0.53125 0.451822916015625 0.538411458984375
0 0.481770833984375 0.53125 0.505859375 0.630208333984375 0.536458333984375 0.62109375 0.513671875 0.524088541015625 0.481770833984375 0.53125
0 0.513671875 0.524088541015625 0.535807291015625 0.622395833984375 0.569010416015625 0.613932291015625 0.546223958984375 0.516276041015625 0.513671875 0.524088541015625
1 0.546223958984375 0.516276041015625 0.567708333984375 0.61328125 0.598307291015625 0.606770833984375 0.576822916015625 0.509114583984375 0.546223958984375 0.516276041015625
0 0.576822916015625 0.509114583984375 0.59765625 0.60546875 0.630859375 0.598307291015625 0.607421875 0.501302083984375 0.576822916015625 0.509114583984375
0 0.607421875 0.501302083984375 0.630208333984375 0.599609375 0.662109375 0.591145833984375 0.639322916015625 0.494140625 0.607421875 0.501302083984375
0 0.639322916015625 0.494140625 0.661458333984375 0.591796875 0.693359375 0.584635416015625 0.670572916015625 0.486328125 0.639322916015625 0.494140625
0 0.670572916015625 0.486328125 0.692708333984375 0.584635416015625 0.725911458984375 0.576171875 0.702473958984375 0.479166666015625 0.670572916015625 0.486328125
0 0.702473958984375 0.479166666015625 0.725260416015625 0.577473958984375 0.757161458984375 0.568359375 0.734375 0.47265625 0.702473958984375 0.479166666015625
0 0.734375 0.47265625 0.756510416015625 0.569661458984375 0.788411458984375 0.5625 0.765625 0.464192708984375 0.734375 0.47265625
0 0.765625 0.464192708984375 0.7890625 0.563802083984375 0.819661458984375 0.555989583984375 0.796223958984375 0.45703125 0.765625 0.464192708984375
0 0.796223958984375 0.45703125 0.819010416015625 0.5546875 0.852864583984375 0.546875 0.829427083984375 0.450520833984375 0.796223958984375 0.45703125
0 0.829427083984375 0.450520833984375 0.850911458984375 0.546875 0.880859375 0.5390625 0.858723958984375 0.442057291015625 0.829427083984375 0.450520833984375
0 0.858723958984375 0.442057291015625 0.881510416015625 0.540364583984375 0.912760416015625 0.533203125 0.890625 0.436197916015625 0.858723958984375 0.442057291015625
0 0.890625 0.436197916015625 0.913411458984375 0.533203125 0.944661458984375 0.526041666015625 0.922526041015625 0.427734375 0.890625 0.436197916015625
0 0.156901041015625 0.833333333984375 0.176432291015625 0.931640625 0.207682291015625 0.923828125 0.186848958984375 0.826171875 0.156901041015625 0.833333333984375
0 0.185546875 0.825520833984375 0.208333333984375 0.92578125 0.240234375 0.917317708984375 0.218098958984375 0.818359375 0.185546875 0.825520833984375
0 0.217447916015625 0.819010416015625 0.240234375 0.916015625 0.272135416015625 0.908854166015625 0.249348958984375 0.811197916015625 0.217447916015625 0.819010416015625
0 0.249348958984375 0.811197916015625 0.272135416015625 0.908854166015625 0.304036458984375 0.901041666015625 0.280598958984375 0.803385416015625 0.249348958984375 0.811197916015625
0 0.28125 0.803385416015625 0.304036458984375 0.901041666015625 0.334635416015625 0.895182291015625 0.311848958984375 0.796223958984375 0.28125 0.803385416015625
0 0.311848958984375 0.796875 0.334635416015625 0.895182291015625 0.366536458984375 0.88671875 0.344401041015625 0.790364583984375 0.311848958984375 0.796875
0 0.342447916015625 0.789713541015625 0.365885416015625 0.888020833984375 0.397135416015625 0.879557291015625 0.374348958984375 0.782552083984375 0.342447916015625 0.789713541015625
0 0.374348958984375 0.782552083984375 0.396484375 0.880859375 0.428385416015625 0.873697916015625 0.404947916015625 0.775390625 0.374348958984375 0.782552083984375
0 0.404947916015625 0.775390625 0.427734375 0.873046875 0.459635416015625 0.865885416015625 0.438151041015625 0.767578125 0.404947916015625 0.775390625
0 0.438151041015625 0.767578125 0.460286458984375 0.865234375 0.492838541015625 0.859375 0.469401041015625 0.759765625 0.438151041015625 0.767578125
0 0.469401041015625 0.759765625 0.4921875 0.858072916015625 0.5234375 0.8515625 0.501302083984375 0.751953125 0.469401041015625 0.759765625
0 0.501302083984375 0.751953125 0.524088541015625 0.852864583984375 0.555338541015625 0.845703125 0.53125 0.745442708984375 0.501302083984375 0.751953125
0 0.53125 0.745442708984375 0.555989583984375 0.844401041015625 0.5859375 0.837890625 0.563151041015625 0.737630208984375 0.53125 0.745442708984375
0 0.563151041015625 0.737630208984375 0.587239583984375 0.837890625 0.617838541015625 0.830729166015625 0.59375 0.729817708984375 0.563151041015625 0.737630208984375
0 0.59375 0.73046875 0.617838541015625 0.831380208984375 0.650390625 0.822916666015625 0.625651041015625 0.72265625 0.59375 0.73046875
0 0.626302083984375 0.723958333984375 0.650390625 0.822916666015625 0.680338541015625 0.815104166015625 0.657552083984375 0.716145833984375 0.626302083984375 0.723958333984375
0 0.657552083984375 0.716796875 0.680338541015625 0.815104166015625 0.712890625 0.807942708984375 0.689453125 0.708984375 0.657552083984375 0.716796875
0 0.688802083984375 0.707682291015625 0.712890625 0.807942708984375 0.744140625 0.801432291015625 0.722005208984375 0.701171875 0.688802083984375 0.707682291015625
0 0.720052083984375 0.702473958984375 0.743489583984375 0.801432291015625 0.776041666015625 0.792317708984375 0.75390625 0.694661458984375 0.720052083984375 0.702473958984375
0 0.751953125 0.696614583984375 0.775390625 0.794921875 0.806640625 0.786458333984375 0.78515625 0.688802083984375 0.751953125 0.696614583984375
0 0.784505208984375 0.688802083984375 0.806640625 0.787109375 0.838541666015625 0.779947916015625 0.81640625 0.680338541015625 0.784505208984375 0.688802083984375
0 0.81640625 0.680338541015625 0.838541666015625 0.779947916015625 0.869140625 0.771484375 0.847005208984375 0.672526041015625 0.81640625 0.680338541015625
0 0.847005208984375 0.672526041015625 0.868489583984375 0.772786458984375 0.901041666015625 0.764322916015625 0.878255208984375 0.666015625 0.847005208984375 0.672526041015625
0 0.878255208984375 0.666015625 0.901041666015625 0.764973958984375 0.932291666015625 0.756510416015625 0.91015625 0.658854166015625 0.878255208984375 0.666015625
0 0.91015625 0.658854166015625 0.931640625 0.7578125 0.964192708984375 0.75 0.940104166015625 0.65234375 0.91015625 0.658854166015625
0 0.962890625 0.751953125 0.932942708984375 0.758463541015625 0.9545703125 0.857421875 0.985169271484375 0.848958333984375 0.962890625 0.751953125
0 0.9545703125 0.857421875 0.932434896484375 0.758463541015625 0.8998828125 0.766276041015625 0.9252734375 0.86328125 0.9545703125 0.857421875
0 0.9252734375 0.86328125 0.9018359375 0.764973958984375 0.869283853515625 0.772786458984375 0.893372396484375 0.871744791015625 0.9252734375 0.86328125
0 0.893372396484375 0.871744791015625 0.8705859375 0.772786458984375 0.838033853515625 0.779947916015625 0.862122396484375 0.87890625 0.893372396484375 0.871744791015625
0 0.862122396484375 0.87890625 0.838033853515625 0.779296875 0.805481771484375 0.787760416015625 0.8295703125 0.886067708984375 0.862122396484375 0.87890625
0 0.830221353515625 0.886067708984375 0.8080859375 0.787760416015625 0.7748828125 0.794921875 0.798971353515625 0.89453125 0.830221353515625 0.886067708984375
0 0.7983203125 0.89453125 0.775533853515625 0.795572916015625 0.7436328125 0.802083333984375 0.766419271484375 0.90234375 0.7983203125 0.89453125
0 0.7670703125 0.90234375 0.7436328125 0.802083333984375 0.711731771484375 0.809244791015625 0.735169271484375 0.908854166015625 0.7670703125 0.90234375
0 0.7358203125 0.908203125 0.711731771484375 0.809244791015625 0.679830728515625 0.81640625 0.7026171875 0.916666666015625 0.7358203125 0.908203125
0 0.7045703125 0.915364583984375 0.679830728515625 0.81640625 0.6498828125 0.822265625 0.672018228515625 0.924479166015625 0.7045703125 0.915364583984375
0 0.6713671875 0.924479166015625 0.6498828125 0.822265625 0.617981771484375 0.830078125 0.6401171875 0.930338541015625 0.6713671875 0.924479166015625
0 0.6401171875 0.9296875 0.617981771484375 0.829427083984375 0.5854296875 0.838541666015625 0.6088671875 0.936197916015625 0.6401171875 0.9296875
0 0.607565103515625 0.936848958984375 0.586731771484375 0.837239583984375 0.553528646484375 0.845052083984375 0.5756640625 0.944661458984375 0.607565103515625 0.936848958984375
0 0.5756640625 0.942708333984375 0.553528646484375 0.845052083984375 0.523580728515625 0.852213541015625 0.545065103515625 0.94921875 0.5756640625 0.942708333984375
0 0.547018228515625 0.949869791015625 0.523580728515625 0.852213541015625 0.4916796875 0.860026041015625 0.514466146484375 0.956380208984375 0.547018228515625 0.949869791015625
0 0.513815103515625 0.957682291015625 0.4916796875 0.860026041015625 0.459127603515625 0.8671875 0.4819140625 0.96484375 0.513815103515625 0.957682291015625
0 0.4819140625 0.96484375 0.459127603515625 0.8671875 0.4272265625 0.874348958984375 0.4506640625 0.972005208984375 0.4819140625 0.96484375
0 0.4272265625 0.874348958984375 0.396627603515625 0.880859375 0.4194140625 0.979817708984375 0.4506640625 0.97265625 0.4272265625 0.874348958984375
0 0.388815103515625 0.986328125 0.4194140625 0.977864583984375 0.3959765625 0.880859375 0.366028646484375 0.887369791015625 0.388815103515625 0.986328125
0 0.389466146484375 0.985677083984375 0.366028646484375 0.88671875 0.334778646484375 0.896484375 0.3569140625 0.99609375 0.389466146484375 0.985677083984375