0 0.354248 0.140869 0.593018 0.140869 0.593018 0.309326 0.354248 0.309326
0 0.352295 0.309570 0.593018 0.309570 0.593018 0.466797 0.352295 0.466797
0 0.352051 0.466553 0.594238 0.466553 0.594238 0.633057 0.352051 0.633057
0 0.347900 0.633545 0.594482 0.633545 0.594482 0.799072 0.347900 0.799072
0 0.347900 0.799072 0.593506 0.799072 0.593506 0.967529 0.347900 0.967529
1 0.593750 0.801025 0.845703 0.801025 0.845703 0.967529 0.593750 0.967529
1 0.593750 0.634521 0.845703 0.634521 0.845703 0.801025 0.593750 0.801025
1 0.593506 0.472168 0.840088 0.472168 0.840088 0.634277 0.593506 0.634277
1 0.594482 0.307861 0.840088 0.307861 0.840088 0.472412 0.594482 0.472412
1 0.594238 0.147461 0.838379 0.147461 0.838379 0.307617 0.594238 0.307617
