1 0.064444 0.433966 0.121111 0.433966 0.127222 0.207592 0.069444 0.206603
1 0.188333 0.208580 0.126111 0.208580 0.121111 0.432977 0.183889 0.432977
1 0.188333 0.208580 0.182222 0.432977 0.246111 0.434955 0.250000 0.209569
1 0.314444 0.210558 0.250000 0.208580 0.246667 0.434955 0.310556 0.434955
1 0.312778 0.210558 0.310000 0.433966 0.373333 0.433966 0.377222 0.210558
1 0.373333 0.433966 0.434444 0.434955 0.435556 0.213523 0.376111 0.212535
1 0.500000 0.214512 0.435556 0.212535 0.433889 0.431989 0.495556 0.432977
1 0.498889 0.212535 0.494444 0.433966 0.557778 0.431989 0.558889 0.213523
1 0.556667 0.430012 0.620556 0.431000 0.625000 0.214512 0.561111 0.214512
1 0.688333 0.213523 0.625556 0.212535 0.619444 0.431000 0.683333 0.430012
1 0.683333 0.431000 0.748889 0.428035 0.750556 0.208580 0.687222 0.210558
1 0.748333 0.430012 0.813889 0.429023 0.811667 0.210558 0.750000 0.211546
1 0.063889 0.435943 0.059444 0.633650 0.118333 0.636615 0.121111 0.433966
1 0.121111 0.433966 0.117222 0.637604 0.180000 0.639581 0.183333 0.434955
1 0.183333 0.434955 0.179444 0.643535 0.243333 0.646501 0.246111 0.435943
1 0.246111 0.435943 0.243333 0.648478 0.306667 0.650455 0.310556 0.434955
0 0.310556 0.434955 0.306667 0.650455 0.370000 0.654409 0.373333 0.433966
1 0.373333 0.433966 0.368889 0.656386 0.432778 0.659352 0.435000 0.431989
1 0.434444 0.431989 0.430000 0.658363 0.490000 0.663306 0.495556 0.432977
1 0.495556 0.434955 0.487778 0.662317 0.552222 0.670225 0.557222 0.434955
1 0.621111 0.431989 0.557222 0.431000 0.551111 0.670225 0.614444 0.677145
1 0.616667 0.673191 0.681667 0.683076 0.683333 0.431000 0.620000 0.431000
1 0.728889 0.431000 0.682778 0.431000 0.680556 0.682088 0.726667 0.687030
1 0.813889 0.428035 0.729444 0.431000 0.726111 0.689008 0.818889 0.693950
