0 0.049805 0.162109 0.161133 0.162109 0.161133 0.369141 0.049805 0.369141
1 0.159180 0.163086 0.274414 0.163086 0.274414 0.370117 0.159180 0.370117
1 0.275391 0.162109 0.389648 0.162109 0.389648 0.371094 0.275391 0.371094
1 0.389648 0.161133 0.501953 0.161133 0.501953 0.371094 0.389648 0.371094
0 0.501953 0.161133 0.618164 0.161133 0.618164 0.370117 0.501953 0.370117
1 0.618164 0.161133 0.733398 0.161133 0.733398 0.370117 0.618164 0.370117
1 0.733398 0.161133 0.848633 0.161133 0.848633 0.370117 0.733398 0.370117
0 0.848633 0.161133 0.962891 0.161133 0.962891 0.370117 0.848633 0.370117
0 0.848633 0.600586 0.962891 0.600586 0.962891 0.813477 0.848633 0.813477
0 0.731445 0.601562 0.847656 0.601562 0.847656 0.812500 0.731445 0.812500
0 0.618164 0.601562 0.731445 0.601562 0.731445 0.810547 0.618164 0.810547
0 0.503906 0.599609 0.618164 0.599609 0.618164 0.810547 0.503906 0.810547
0 0.389648 0.599609 0.503906 0.599609 0.503906 0.814453 0.389648 0.814453
0 0.273438 0.600586 0.389648 0.600586 0.389648 0.814453 0.273438 0.814453
0 0.158203 0.600586 0.273438 0.600586 0.273438 0.816406 0.158203 0.816406
0 0.045898 0.601562 0.159180 0.601562 0.159180 0.817383 0.045898 0.817383
