0 0.861572 0.136475 0.978271 0.136475 0.978271 0.464111 0.861572 0.464111
0 0.745850 0.136475 0.861572 0.136475 0.861572 0.464111 0.745850 0.464111
0 0.633301 0.136475 0.745605 0.136475 0.745605 0.467041 0.633301 0.467041
0 0.520020 0.131592 0.633301 0.131592 0.633301 0.467041 0.520020 0.467041
0 0.405518 0.131592 0.520264 0.131592 0.520264 0.465088 0.405518 0.465088
0 0.290771 0.131592 0.405518 0.131592 0.405518 0.465088 0.290771 0.465088
0 0.176025 0.131592 0.290771 0.131592 0.290771 0.463135 0.176025 0.463135
1 0.172852 0.504150 0.290039 0.504150 0.290039 0.836670 0.172852 0.836670
1 0.292480 0.508057 0.404785 0.508057 0.404785 0.835693 0.292480 0.835693
1 0.403809 0.508057 0.519043 0.508057 0.519043 0.833740 0.403809 0.833740
1 0.519287 0.510010 0.634033 0.510010 0.634033 0.833740 0.519287 0.833740
1 0.633789 0.510010 0.747070 0.510010 0.747070 0.838623 0.633789 0.838623
1 0.747070 0.510010 0.862305 0.510010 0.862305 0.838623 0.747070 0.838623
1 0.862061 0.510010 0.976807 0.510010 0.976807 0.842529 0.862061 0.842529
