0 0.617188 0.044922 0.350586 0.095703 0.379883 0.250977 0.650391 0.196289
1 0.678711 0.354492 0.650391 0.196289 0.380859 0.246094 0.412109 0.406250
1 0.413086 0.402344 0.442383 0.557617 0.708984 0.505859 0.678711 0.356445
1 0.742188 0.658203 0.708984 0.505859 0.443359 0.554688 0.470703 0.709961
1 0.473633 0.709961 0.200195 0.762695 0.232422 0.917969 0.500977 0.863281
1 0.170898 0.607422 0.441406 0.555664 0.411133 0.403320 0.142578 0.456055
1 0.140625 0.457031 0.411133 0.403320 0.377930 0.249023 0.110352 0.301758
1 0.377930 0.249023 0.347656 0.096680 0.078125 0.151367 0.110352 0.305664
0 0.173828 0.608398 0.201172 0.763672 0.472656 0.708984 0.443359 0.555664
0 0.501953 0.864258 0.771484 0.813477 0.739258 0.658203 0.470703 0.708984
