1 0.09765625 0.458984375 0.1708984375 0.4453125 0.10546875 0.173828125 0.0322265625 0.189453125 0.09765625 0.458984375
1 0.1064453125 0.1748046875 0.169921875 0.4462890625 0.2470703125 0.4326171875 0.181640625 0.158203125 0.1064453125 0.1748046875
1 0.1845703125 0.158203125 0.24609375 0.43359375 0.3212890625 0.419921875 0.2548828125 0.142578125 0.1845703125 0.158203125
1 0.2568359375 0.1416015625 0.3193359375 0.419921875 0.3955078125 0.4052734375 0.3310546875 0.12890625 0.2568359375 0.1416015625
1 0.3310546875 0.12890625 0.3974609375 0.404296875 0.4765625 0.392578125 0.41015625 0.115234375 0.3310546875 0.12890625
1 0.41015625 0.115234375 0.4755859375 0.390625 0.5556640625 0.3779296875 0.48828125 0.1025390625 0.41015625 0.115234375
1 0.4873046875 0.1044921875 0.5546875 0.37890625 0.6318359375 0.3662109375 0.56640625 0.08984375 0.4873046875 0.1044921875
1 0.56640625 0.08984375 0.6328125 0.3681640625 0.70703125 0.3544921875 0.638671875 0.078125 0.56640625 0.08984375
1 0.638671875 0.078125 0.7060546875 0.35546875 0.7841796875 0.341796875 0.7197265625 0.0693359375 0.638671875 0.078125
1 0.7197265625 0.0693359375 0.783203125 0.341796875 0.85546875 0.3291015625 0.7919921875 0.060546875 0.7197265625 0.0693359375
0 0.025390625 0.4716796875 0.0888671875 0.734375 0.1611328125 0.72265625 0.0986328125 0.45703125 0.025390625 0.4716796875
1 0.0986328125 0.45703125 0.1611328125 0.72265625 0.2373046875 0.7109375 0.171875 0.4453125 0.0986328125 0.45703125
0 0.171875 0.4453125 0.236328125 0.7109375 0.3125 0.7001953125 0.24609375 0.4326171875 0.171875 0.4453125
1 0.24609375 0.4326171875 0.3125 0.7001953125 0.384765625 0.6904296875 0.3193359375 0.41796875 0.24609375 0.4326171875
1 0.3193359375 0.41796875 0.3857421875 0.6904296875 0.462890625 0.677734375 0.3974609375 0.40234375 0.3193359375 0.41796875
1 0.3974609375 0.40234375 0.462890625 0.6796875 0.541015625 0.6650390625 0.4736328125 0.3896484375 0.3974609375 0.40234375
1 0.4755859375 0.392578125 0.5419921875 0.66796875 0.6181640625 0.654296875 0.5517578125 0.3759765625 0.4755859375 0.392578125
1 0.55078125 0.3759765625 0.6181640625 0.6552734375 0.6953125 0.6396484375 0.630859375 0.3642578125 0.55078125 0.3759765625
1 0.630859375 0.3642578125 0.6943359375 0.6416015625 0.76953125 0.6259765625 0.708984375 0.3515625 0.630859375 0.3642578125
1 0.708984375 0.3515625 0.7685546875 0.6259765625 0.8447265625 0.6123046875 0.7802734375 0.33984375 0.708984375 0.3515625
1 0.7802734375 0.33984375 0.8447265625 0.6123046875 0.9150390625 0.599609375 0.8544921875 0.328125 0.7802734375 0.33984375