1 0.2236328125 0.064453125 0.0791015625 0.123046875 0.1396484375 0.1943359375 0.283203125 0.1318359375 0.2236328125 0.064453125
0 0.2177734375 0.1611328125 0.0625 0.2255859375 0.1181640625 0.2978515625 0.271484375 0.224609375 0.2177734375 0.1611328125
1 0.2646484375 0.33203125 0.203125 0.2587890625 0.041015625 0.337890625 0.0966796875 0.416015625 0.2646484375 0.33203125
1 0.1884765625 0.37109375 0.0234375 0.455078125 0.0859375 0.53515625 0.2548828125 0.4482421875 0.1884765625 0.37109375
1 0.177734375 0.48828125 0.0048828125 0.5849609375 0.0693359375 0.673828125 0.2451171875 0.5712890625 0.177734375 0.48828125
1 0.1533203125 0.7578125 0.287109375 0.9384765625 0.3701171875 0.8779296875 0.23046875 0.7060546875 0.1533203125 0.7578125
1 0.2451171875 0.5693359375 0.166015625 0.6171875 0.2958984375 0.7861328125 0.375 0.7294921875 0.2451171875 0.5693359375
1 0.3798828125 0.599609375 0.25390625 0.4501953125 0.1767578125 0.48828125 0.306640625 0.6455078125 0.3798828125 0.599609375
0 0.38671875 0.4765625 0.263671875 0.33203125 0.1904296875 0.3701171875 0.3095703125 0.517578125 0.38671875 0.4765625
1 0.2041015625 0.2568359375 0.3193359375 0.3984375 0.392578125 0.3544921875 0.271484375 0.2255859375 0.2041015625 0.2568359375
1 0.3876953125 0.2431640625 0.2822265625 0.1318359375 0.216796875 0.162109375 0.32421875 0.2802734375 0.3876953125 0.2431640625
1 0.3955078125 0.1533203125 0.283203125 0.033203125 0.22265625 0.0625 0.33203125 0.1826171875 0.3955078125 0.1533203125
0 0.63671875 0.0283203125 0.521484375 0.0810546875 0.576171875 0.1416015625 0.6943359375 0.087890625 0.63671875 0.0283203125
0 0.638671875 0.1123046875 0.5205078125 0.1708984375 0.580078125 0.236328125 0.6982421875 0.1748046875 0.638671875 0.1123046875
1 0.64453125 0.2041015625 0.5185546875 0.2705078125 0.5810546875 0.3388671875 0.7060546875 0.26953125 0.64453125 0.2041015625
1 0.6494140625 0.30078125 0.525390625 0.3740234375 0.5869140625 0.4501953125 0.7119140625 0.3720703125 0.6494140625 0.30078125
0 0.65625 0.4072265625 0.5234375 0.490234375 0.5849609375 0.568359375 0.7216796875 0.48046875 0.65625 0.4072265625
0 0.66015625 0.5185546875 0.5224609375 0.609375 0.5947265625 0.6943359375 0.732421875 0.59765625 0.66015625 0.5185546875
0 0.66796875 0.640625 0.5244140625 0.7412109375 0.591796875 0.833984375 0.7412109375 0.72265625 0.66796875 0.640625
0 0.67578125 0.7705078125 0.5263671875 0.8837890625 0.6005859375 0.98046875 0.75390625 0.8623046875 0.67578125 0.7705078125
1 0.888671875 0.8876953125 0.740234375 0.72265625 0.671875 0.7724609375 0.83203125 0.9462890625 0.888671875 0.8876953125
0 0.87109375 0.74609375 0.73046875 0.5966796875 0.66796875 0.642578125 0.8095703125 0.798828125 0.87109375 0.74609375
0 0.8564453125 0.619140625 0.7197265625 0.48046875 0.662109375 0.51953125 0.802734375 0.6728515625 0.8564453125 0.619140625
1 0.7138671875 0.37109375 0.65625 0.4072265625 0.7841796875 0.5439453125 0.841796875 0.5029296875 0.7138671875 0.37109375
1 0.8271484375 0.392578125 0.7041015625 0.2685546875 0.650390625 0.30078125 0.7724609375 0.431640625 0.8271484375 0.392578125
0 0.81640625 0.2939453125 0.7001953125 0.17578125 0.6435546875 0.20703125 0.759765625 0.326171875 0.81640625 0.2939453125
0 0.80859375 0.2021484375 0.6904296875 0.0869140625 0.63671875 0.115234375 0.75390625 0.2333984375 0.80859375 0.2021484375