1 0.097656 0.458984 0.170898 0.445312 0.105469 0.173828 0.032227 0.189453
1 0.106445 0.174805 0.169922 0.446289 0.247070 0.432617 0.181641 0.158203
1 0.184570 0.158203 0.246094 0.433594 0.321289 0.419922 0.254883 0.142578
1 0.256836 0.141602 0.319336 0.419922 0.395508 0.405273 0.331055 0.128906
1 0.331055 0.128906 0.397461 0.404297 0.476562 0.392578 0.410156 0.115234
1 0.410156 0.115234 0.475586 0.390625 0.555664 0.377930 0.488281 0.102539
1 0.487305 0.104492 0.554688 0.378906 0.631836 0.366211 0.566406 0.089844
1 0.566406 0.089844 0.632812 0.368164 0.707031 0.354492 0.638672 0.078125
1 0.638672 0.078125 0.706055 0.355469 0.784180 0.341797 0.719727 0.069336
1 0.719727 0.069336 0.783203 0.341797 0.855469 0.329102 0.791992 0.060547
0 0.025391 0.471680 0.088867 0.734375 0.161133 0.722656 0.098633 0.457031
1 0.098633 0.457031 0.161133 0.722656 0.237305 0.710938 0.171875 0.445312
0 0.171875 0.445312 0.236328 0.710938 0.312500 0.700195 0.246094 0.432617
1 0.246094 0.432617 0.312500 0.700195 0.384766 0.690430 0.319336 0.417969
1 0.319336 0.417969 0.385742 0.690430 0.462891 0.677734 0.397461 0.402344
1 0.397461 0.402344 0.462891 0.679688 0.541016 0.665039 0.473633 0.389648
1 0.475586 0.392578 0.541992 0.667969 0.618164 0.654297 0.551758 0.375977
1 0.550781 0.375977 0.618164 0.655273 0.695312 0.639648 0.630859 0.364258
1 0.630859 0.364258 0.694336 0.641602 0.769531 0.625977 0.708984 0.351562
1 0.708984 0.351562 0.768555 0.625977 0.844727 0.612305 0.780273 0.339844
1 0.780273 0.339844 0.844727 0.612305 0.915039 0.599609 0.854492 0.328125
