0 0.1875 0.1455078125 0.072265625 0.169921875 0.125 0.421875 0.2412109375 0.3974609375 0.1875 0.1455078125
0 0.2998046875 0.123046875 0.1884765625 0.146484375 0.240234375 0.3974609375 0.35546875 0.3720703125 0.2998046875 0.123046875
0 0.353515625 0.373046875 0.4326171875 0.35546875 0.37890625 0.10546875 0.2998046875 0.1220703125 0.353515625 0.373046875
0 0.453125 0.0888671875 0.37890625 0.1044921875 0.4306640625 0.353515625 0.5068359375 0.337890625 0.453125 0.0888671875
0 0.451171875 0.0869140625 0.5087890625 0.337890625 0.583984375 0.322265625 0.53125 0.072265625 0.451171875 0.0869140625
1 0.529296875 0.0712890625 0.583984375 0.322265625 0.6611328125 0.3076171875 0.6064453125 0.0556640625 0.529296875 0.0712890625
0 0.607421875 0.0537109375 0.66015625 0.3056640625 0.73828125 0.291015625 0.6826171875 0.0390625 0.607421875 0.0537109375
1 0.736328125 0.291015625 0.8134765625 0.271484375 0.759765625 0.0234375 0.68359375 0.037109375 0.736328125 0.291015625
0 0.8154296875 0.2734375 0.8935546875 0.2578125 0.8369140625 0.0068359375 0.7587890625 0.021484375 0.8154296875 0.2734375
0 0.189453125 0.7294921875 0.244140625 0.9794921875 0.361328125 0.951171875 0.3076171875 0.701171875 0.189453125 0.7294921875
0 0.3076171875 0.701171875 0.3583984375 0.9521484375 0.474609375 0.927734375 0.419921875 0.6767578125 0.3076171875 0.701171875
0 0.47265625 0.9296875 0.5498046875 0.9111328125 0.4990234375 0.662109375 0.4208984375 0.67578125 0.47265625 0.9296875
1 0.5 0.6640625 0.55078125 0.9130859375 0.6279296875 0.8974609375 0.57421875 0.646484375 0.5 0.6640625
0 0.576171875 0.646484375 0.626953125 0.8974609375 0.7021484375 0.880859375 0.6484375 0.6318359375 0.576171875 0.646484375
0 0.6494140625 0.6298828125 0.7021484375 0.880859375 0.7802734375 0.86328125 0.7265625 0.61328125 0.6494140625 0.6298828125
0 0.7255859375 0.6123046875 0.7802734375 0.86328125 0.85546875 0.8466796875 0.802734375 0.5966796875 0.7255859375 0.6123046875
0 0.802734375 0.59765625 0.85546875 0.8466796875 0.931640625 0.830078125 0.8779296875 0.58203125 0.802734375 0.59765625