0 0.1181640625 0.125 0.130859375 0.3779296875 0.2451171875 0.37109375 0.234375 0.12109375 0.1181640625 0.125
0 0.2333984375 0.12109375 0.2451171875 0.3701171875 0.3583984375 0.3642578125 0.34765625 0.1142578125 0.2333984375 0.12109375
0 0.3583984375 0.3642578125 0.435546875 0.3603515625 0.4228515625 0.1103515625 0.3466796875 0.1142578125 0.3583984375 0.3642578125
0 0.423828125 0.1103515625 0.4345703125 0.361328125 0.5107421875 0.3564453125 0.4970703125 0.1064453125 0.423828125 0.1103515625
0 0.4970703125 0.1064453125 0.5107421875 0.3564453125 0.587890625 0.3525390625 0.5732421875 0.103515625 0.4970703125 0.1064453125
1 0.5732421875 0.103515625 0.5849609375 0.3544921875 0.662109375 0.349609375 0.6494140625 0.099609375 0.5732421875 0.103515625
0 0.6484375 0.099609375 0.6640625 0.349609375 0.7392578125 0.3447265625 0.7255859375 0.095703125 0.6484375 0.099609375
1 0.8017578125 0.0927734375 0.7265625 0.095703125 0.7392578125 0.3447265625 0.81640625 0.3408203125 0.8017578125 0.0927734375
0 0.8017578125 0.0927734375 0.81640625 0.3408203125 0.892578125 0.3349609375 0.87890625 0.0888671875 0.8017578125 0.0927734375
0 0.892578125 0.3349609375 0.96875 0.3330078125 0.9560546875 0.08203125 0.8759765625 0.0869140625 0.892578125 0.3349609375
0 0.99609375 0.888671875 0.9833984375 0.6396484375 0.9052734375 0.64453125 0.9189453125 0.8935546875 0.99609375 0.888671875
1 0.919921875 0.8935546875 0.9033203125 0.64453125 0.830078125 0.646484375 0.84375 0.896484375 0.919921875 0.8935546875
0 0.8447265625 0.8974609375 0.830078125 0.646484375 0.75390625 0.650390625 0.76953125 0.900390625 0.8447265625 0.8974609375
0 0.767578125 0.9013671875 0.75390625 0.650390625 0.6787109375 0.6533203125 0.6884765625 0.904296875 0.767578125 0.9013671875
0 0.69140625 0.90625 0.6787109375 0.6533203125 0.6025390625 0.6572265625 0.615234375 0.91015625 0.69140625 0.90625
0 0.615234375 0.9091796875 0.6025390625 0.6572265625 0.52734375 0.6611328125 0.5390625 0.9140625 0.615234375 0.9091796875
1 0.5380859375 0.9130859375 0.52734375 0.6640625 0.4501953125 0.66796875 0.4638671875 0.9169921875 0.5380859375 0.9130859375
0 0.38671875 0.9208984375 0.4638671875 0.91796875 0.451171875 0.6669921875 0.3759765625 0.669921875 0.38671875 0.9208984375
0 0.3876953125 0.921875 0.375 0.6708984375 0.2626953125 0.67578125 0.2734375 0.9287109375 0.3876953125 0.921875
0 0.275390625 0.9248046875 0.263671875 0.6767578125 0.146484375 0.68359375 0.162109375 0.9326171875 0.275390625 0.9248046875