0 0.118164 0.125000 0.130859 0.377930 0.245117 0.371094 0.234375 0.121094
0 0.233398 0.121094 0.245117 0.370117 0.358398 0.364258 0.347656 0.114258
0 0.358398 0.364258 0.435547 0.360352 0.422852 0.110352 0.346680 0.114258
0 0.423828 0.110352 0.434570 0.361328 0.510742 0.356445 0.497070 0.106445
0 0.497070 0.106445 0.510742 0.356445 0.587891 0.352539 0.573242 0.103516
1 0.573242 0.103516 0.584961 0.354492 0.662109 0.349609 0.649414 0.099609
0 0.648438 0.099609 0.664062 0.349609 0.739258 0.344727 0.725586 0.095703
1 0.801758 0.092773 0.726562 0.095703 0.739258 0.344727 0.816406 0.340820
0 0.801758 0.092773 0.816406 0.340820 0.892578 0.334961 0.878906 0.088867
0 0.892578 0.334961 0.968750 0.333008 0.956055 0.082031 0.875977 0.086914
0 0.996094 0.888672 0.983398 0.639648 0.905273 0.644531 0.918945 0.893555
1 0.919922 0.893555 0.903320 0.644531 0.830078 0.646484 0.843750 0.896484
0 0.844727 0.897461 0.830078 0.646484 0.753906 0.650391 0.769531 0.900391
0 0.767578 0.901367 0.753906 0.650391 0.678711 0.653320 0.688477 0.904297
0 0.691406 0.906250 0.678711 0.653320 0.602539 0.657227 0.615234 0.910156
0 0.615234 0.909180 0.602539 0.657227 0.527344 0.661133 0.539062 0.914062
1 0.538086 0.913086 0.527344 0.664062 0.450195 0.667969 0.463867 0.916992
0 0.386719 0.920898 0.463867 0.917969 0.451172 0.666992 0.375977 0.669922
0 0.387695 0.921875 0.375000 0.670898 0.262695 0.675781 0.273438 0.928711
0 0.275391 0.924805 0.263672 0.676758 0.146484 0.683594 0.162109 0.932617
