0 0.051758 0.012695 0.018555 0.279297 0.101562 0.289062 0.132812 0.024414
0 0.132812 0.024414 0.100586 0.291016 0.181641 0.299805 0.214844 0.033203
1 0.214844 0.033203 0.180664 0.299805 0.263672 0.307617 0.295898 0.044922
0 0.295898 0.044922 0.261719 0.308594 0.341797 0.318359 0.376953 0.055664
1 0.375977 0.053711 0.342773 0.319336 0.424805 0.326172 0.456055 0.061523
0 0.453125 0.063477 0.421875 0.326172 0.505859 0.336914 0.537109 0.071289
0 0.537109 0.071289 0.505859 0.335938 0.586914 0.348633 0.620117 0.081055
0 0.586914 0.348633 0.668945 0.357422 0.698242 0.091797 0.618164 0.083008
0 0.700195 0.090820 0.666992 0.357422 0.787109 0.371094 0.819336 0.107422
0 0.819336 0.107422 0.787109 0.372070 0.910156 0.385742 0.942383 0.121094
0 0.710938 0.966797 0.837891 0.980469 0.869141 0.714844 0.747070 0.697266
0 0.715820 0.967773 0.749023 0.697266 0.629883 0.681641 0.594727 0.950195
0 0.512695 0.941406 0.593750 0.950195 0.627930 0.682617 0.547852 0.671875
1 0.513672 0.941406 0.548828 0.672852 0.465820 0.663086 0.429688 0.929688
0 0.381836 0.654297 0.352539 0.919922 0.429688 0.928711 0.466797 0.663086
0 0.382812 0.657227 0.303711 0.645508 0.271484 0.908203 0.351562 0.917969
0 0.271484 0.907227 0.304688 0.643555 0.221680 0.632812 0.186523 0.902344
0 0.107422 0.889648 0.188477 0.899414 0.221680 0.633789 0.139648 0.624023
1 0.111328 0.889648 0.138672 0.625000 0.059570 0.612305 0.027344 0.879883
