0 0.180246 0.175595 0.200893 0.174603 0.209821 0.153770 0.189174 0.155754
0 0.232143 0.149802 0.210379 0.152778 0.200893 0.176587 0.222656 0.173611
0 0.223214 0.174603 0.243862 0.172619 0.253906 0.150794 0.232143 0.149802
0 0.273996 0.149802 0.255345 0.149854 0.242746 0.173611 0.266183 0.171627
0 0.265625 0.171627 0.287946 0.172619 0.295759 0.149802 0.274671 0.149854
0 0.318257 0.150585 0.296317 0.149802 0.287388 0.171627 0.311384 0.171627
0 0.311384 0.172619 0.332589 0.171627 0.340402 0.150794 0.318257 0.150585
0 0.363281 0.149802 0.339844 0.151786 0.331473 0.173611 0.356585 0.173611
0 0.356027 0.173611 0.378906 0.172619 0.385045 0.147817 0.363898 0.149854
0 0.398438 0.147096 0.393111 0.171717 0.414773 0.174242 0.419744 0.147096
0 0.442827 0.146465 0.419744 0.147096 0.413707 0.172348 0.437855 0.168561
0 0.442472 0.146465 0.438210 0.169823 0.461293 0.168561 0.465554 0.144571
0 0.488636 0.143939 0.465554 0.144571 0.461293 0.169823 0.484730 0.169192
0 0.487571 0.143939 0.484375 0.168561 0.508878 0.167929 0.511009 0.142677
0 0.511009 0.141053 0.508878 0.166937 0.531960 0.164412 0.534446 0.139159
0 0.534091 0.140783 0.531960 0.165404 0.556818 0.164141 0.557884 0.138889
0 0.557528 0.137626 0.556818 0.164141 0.580256 0.164141 0.582386 0.138258
0 0.580611 0.137626 0.580256 0.164141 0.604048 0.160985 0.604759 0.137626
0 0.603693 0.136364 0.604403 0.160354 0.629972 0.160354 0.628196 0.136995
0 0.628551 0.135732 0.630327 0.159091 0.654119 0.159091 0.653054 0.134470
0 0.652699 0.135101 0.654119 0.159091 0.678622 0.157828 0.678267 0.133838
0 0.678267 0.135101 0.678622 0.157828 0.703480 0.156566 0.701349 0.134470
0 0.700994 0.131944 0.703480 0.156566 0.730824 0.155934 0.727628 0.131313
0 0.727983 0.132576 0.730824 0.155934 0.754616 0.154040 0.750710 0.131313
0 0.751776 0.130682 0.754616 0.154040 0.778764 0.153409 0.776989 0.130682
0 0.794744 0.248737 0.789062 0.215909 0.763139 0.215278 0.766690 0.248737
0 0.765067 0.245040 0.761719 0.215278 0.736151 0.213654 0.738991 0.247114
0 0.738636 0.247475 0.736151 0.214646 0.708807 0.218434 0.709872 0.249369
0 0.710938 0.248106 0.708807 0.218434 0.681108 0.219066 0.684304 0.248106
0 0.683239 0.250000 0.681108 0.219066 0.655540 0.220960 0.655540 0.250631
0 0.655895 0.248737 0.655540 0.220960 0.628551 0.221591 0.629261 0.250000
0 0.628196 0.251263 0.628551 0.222222 0.603338 0.223485 0.603693 0.250631
0 0.603338 0.251263 0.603338 0.223485 0.577415 0.221591 0.577060 0.252525
0 0.576349 0.253157 0.577415 0.221591 0.552202 0.223485 0.549716 0.253788
0 0.550426 0.253788 0.552202 0.223485 0.526278 0.227904 0.523082 0.255682
0 0.526823 0.226852 0.501042 0.228704 0.498580 0.256313 0.524148 0.255051
0 0.498935 0.254419 0.501823 0.225926 0.477273 0.227273 0.473011 0.256313
0 0.472301 0.256313 0.476562 0.226010 0.451705 0.228535 0.447443 0.256313
0 0.447088 0.256944 0.451349 0.229167 0.427912 0.230429 0.421875 0.257576
0 0.422585 0.259470 0.427912 0.230429 0.402344 0.229798 0.397017 0.258838
0 0.398082 0.259470 0.402344 0.229798 0.378906 0.228535 0.372514 0.260101
0 0.359730 0.260101 0.366477 0.229167 0.339844 0.231061 0.332741 0.260732
0 0.332031 0.260101 0.339489 0.232323 0.316761 0.231692 0.306818 0.259470
0 0.308239 0.258838 0.316761 0.231692 0.291548 0.231061 0.284446 0.260732
0 0.284801 0.260101 0.291548 0.231061 0.268466 0.231061 0.259588 0.258838
0 0.260298 0.259470 0.268466 0.231061 0.245028 0.232955 0.235795 0.261364
0 0.235795 0.261364 0.245028 0.232955 0.221591 0.232323 0.210582 0.261995
0 0.212358 0.259470 0.221591 0.232323 0.197443 0.234848 0.187145 0.260732
0 0.187500 0.261364 0.197443 0.234848 0.176491 0.234848 0.164418 0.262626
0 0.164418 0.262626 0.176136 0.234848 0.153764 0.235480 0.141690 0.263258
0 0.142401 0.265152 0.153764 0.235480 0.132457 0.236111 0.119673 0.266414
0 0.111861 0.287879 0.098366 0.315657 0.122869 0.313763 0.135653 0.286616
0 0.135653 0.286616 0.123935 0.311869 0.146307 0.312500 0.158026 0.285354
0 0.158381 0.285354 0.146662 0.311869 0.170099 0.314394 0.182173 0.285354
0 0.182173 0.285354 0.170099 0.314394 0.194247 0.315657 0.205256 0.285354
0 0.205256 0.284361 0.194247 0.314665 0.218395 0.312139 0.230469 0.282468
0 0.230469 0.282468 0.218395 0.312139 0.244673 0.313402 0.254261 0.282468
0 0.254261 0.283460 0.243963 0.313763 0.269886 0.313763 0.278764 0.284722
0 0.279474 0.282468 0.269886 0.311508 0.295810 0.314033 0.303622 0.284361
0 0.303622 0.285354 0.295810 0.313763 0.320668 0.311237 0.328125 0.282197
0 0.328125 0.282197 0.320668 0.311237 0.347301 0.310606 0.354403 0.283460
0 0.369318 0.281566 0.361861 0.311237 0.388139 0.311237 0.393821 0.280934
0 0.393821 0.280934 0.388494 0.310606 0.414418 0.310606 0.420099 0.281566
0 0.420099 0.281566 0.414062 0.310606 0.441051 0.311869 0.445668 0.279040
0 0.445668 0.279040 0.439986 0.310606 0.467330 0.308712 0.471591 0.278409
0 0.471591 0.278409 0.465554 0.309975 0.493253 0.308081 0.496449 0.276515
0 0.496449 0.276515 0.492543 0.309975 0.519531 0.306818 0.523793 0.275253
0 0.523793 0.275253 0.520241 0.304924 0.547940 0.305556 0.550426 0.272096
0 0.550426 0.271104 0.546875 0.305195 0.574929 0.304563 0.575284 0.270473
0 0.575284 0.271465 0.574574 0.306187 0.602273 0.306187 0.602628 0.270833
0 0.602628 0.270833 0.601562 0.306187 0.630327 0.304924 0.630327 0.269571
0 0.630327 0.269571 0.630682 0.305556 0.658381 0.304924 0.657315 0.270202
0 0.657670 0.269571 0.658736 0.304293 0.686790 0.303030 0.685014 0.269571
0 0.685014 0.269571 0.686435 0.303030 0.715199 0.302399 0.712003 0.268308
0 0.740767 0.267316 0.712003 0.267316 0.714489 0.300776 0.744318 0.298882
0 0.740564 0.267045 0.743405 0.300505 0.772879 0.300505 0.768618 0.267677
0 0.769176 0.267677 0.773082 0.301768 0.802912 0.299874 0.797940 0.268308
0 0.063920 0.393939 0.047940 0.429924 0.074219 0.428030 0.088423 0.391414
0 0.088423 0.391414 0.074219 0.428030 0.099432 0.428662 0.114702 0.392045
0 0.113991 0.392677 0.099787 0.428030 0.126420 0.427399 0.139915 0.391414
0 0.138849 0.391414 0.125000 0.428662 0.151634 0.428030 0.164418 0.390152
0 0.164773 0.392045 0.151278 0.429293 0.178977 0.428662 0.190341 0.388889
0 0.191406 0.389520 0.178977 0.428030 0.206676 0.428662 0.220170 0.387626
0 0.220170 0.387626 0.206321 0.428662 0.235085 0.428662 0.245384 0.389520
0 0.245384 0.389520 0.235795 0.428030 0.262784 0.429293 0.273082 0.388889
0 0.273082 0.388889 0.261719 0.429293 0.290483 0.428030 0.299716 0.389520
0 0.299716 0.389520 0.290483 0.428030 0.318537 0.428030 0.327770 0.386995
0 0.345526 0.386364 0.336648 0.430556 0.363991 0.429924 0.372869 0.388889
0 0.372869 0.388889 0.365057 0.429924 0.393821 0.429293 0.400923 0.388258
0 0.400923 0.388258 0.393466 0.428030 0.421520 0.426768 0.428267 0.385732
0 0.428267 0.385732 0.422585 0.426136 0.450639 0.426768 0.456321 0.385101
0 0.455763 0.385101 0.450436 0.427399 0.479556 0.425505 0.483107 0.384470
0 0.483665 0.384470 0.479403 0.426768 0.509588 0.426136 0.513494 0.382576
0 0.512798 0.383838 0.509247 0.424874 0.540142 0.424242 0.541918 0.380051
0 0.541918 0.380682 0.540142 0.425505 0.568551 0.423611 0.570682 0.383207
0 0.570682 0.383207 0.569261 0.423611 0.601222 0.424242 0.599801 0.381944
0 0.599801 0.381944 0.600156 0.424242 0.630341 0.424874 0.630341 0.381944
0 0.630341 0.381944 0.629986 0.423611 0.662301 0.425505 0.660526 0.382576
0 0.660526 0.382576 0.661236 0.426136 0.694261 0.424242 0.692131 0.380682
0 0.692131 0.380682 0.693196 0.423611 0.724801 0.422348 0.721960 0.381944
0 0.721960 0.381944 0.724801 0.425505 0.756761 0.426136 0.752855 0.384470
0 0.752855 0.384470 0.757116 0.425505 0.791207 0.426768 0.784815 0.384470
0 0.039474 0.449561 0.020148 0.491959 0.048931 0.491959 0.066201 0.451023
0 0.066201 0.450031 0.048931 0.490236 0.075247 0.492429 0.091694 0.450762
0 0.091694 0.451754 0.074424 0.494152 0.099918 0.494883 0.117599 0.451023
0 0.117599 0.451023 0.099918 0.493421 0.128701 0.491959 0.143503 0.451023
0 0.143092 0.450292 0.127878 0.493421 0.158306 0.491959 0.171464 0.449561
0 0.170641 0.451023 0.156250 0.495614 0.184211 0.494883 0.199424 0.451754
0 0.199836 0.453216 0.187089 0.491228 0.216283 0.491228 0.226562 0.454678
0 0.226562 0.454678 0.214638 0.495614 0.244655 0.494152 0.255757 0.454678
0 0.255757 0.454678 0.243832 0.494883 0.273026 0.496345 0.283306 0.456140
0 0.284539 0.455409 0.272615 0.496345 0.300987 0.494883 0.312089 0.452485
0 0.331003 0.453947 0.321546 0.494883 0.351151 0.492690 0.360609 0.451754
0 0.360609 0.451754 0.350740 0.497076 0.382401 0.494883 0.389391 0.453947
0 0.389391 0.453947 0.381168 0.494883 0.412418 0.495614 0.418586 0.452485
0 0.418527 0.452381 0.412388 0.495040 0.443080 0.495040 0.448661 0.452381
0 0.448602 0.451493 0.441612 0.494622 0.472451 0.494622 0.477796 0.450031
0 0.477796 0.451023 0.472039 0.496345 0.502878 0.496345 0.506168 0.451023
0 0.507401 0.450292 0.502878 0.494883 0.533717 0.494883 0.537418 0.450292
0 0.537418 0.449561 0.534951 0.494883 0.566612 0.492690 0.568257 0.449561
0 0.567434 0.448830 0.566201 0.493421 0.597862 0.494152 0.599507 0.448830
0 0.599507 0.448830 0.598273 0.493421 0.630757 0.495614 0.630345 0.450292
0 0.630757 0.450292 0.630345 0.494152 0.664062 0.494152 0.662007 0.448830
0 0.662007 0.448830 0.663240 0.494883 0.697368 0.495614 0.694490 0.448099
0 0.694490 0.449091 0.696957 0.496606 0.731086 0.498068 0.726151 0.449091
0 0.726974 0.449561 0.730263 0.497076 0.765214 0.495614 0.759457 0.449561
0 0.760280 0.451023 0.764391 0.494883 0.798931 0.497076 0.793174 0.451023
0 0.898996 0.675595 0.889391 0.609649 0.851974 0.607456 0.861607 0.677579
0 0.861049 0.676587 0.851974 0.607456 0.814556 0.607456 0.822545 0.673611
0 0.822545 0.674603 0.814556 0.607456 0.777549 0.607456 0.782924 0.670635
0 0.783482 0.672619 0.777549 0.607456 0.740132 0.604532 0.746094 0.671627
0 0.745536 0.670635 0.740543 0.605263 0.703536 0.603070 0.707031 0.670635
0 0.706473 0.669643 0.703536 0.603070 0.666530 0.601608 0.668527 0.667659
0 0.669085 0.666667 0.666941 0.603070 0.631990 0.600877 0.633371 0.665675
0 0.033717 0.592105 0.012747 0.644006 0.043586 0.644737 0.062089 0.592836
1 0.182977 0.593567 0.164621 0.657738 0.196987 0.656746 0.213405 0.594298
1 0.213405 0.593306 0.196987 0.656746 0.231585 0.657738 0.246711 0.593306
0 0.246711 0.594298 0.231497 0.654240 0.261924 0.655702 0.276727 0.595029
0 0.298520 0.599415 0.286595 0.656433 0.319490 0.655702 0.330181 0.600146
1 0.330915 0.598214 0.319754 0.658730 0.351004 0.659722 0.362664 0.597222
0 0.362664 0.597222 0.352121 0.659722 0.385045 0.658730 0.394737 0.597953
0 0.394737 0.597953 0.385045 0.660714 0.420201 0.659722 0.427632 0.597222
0 0.427220 0.597692 0.420201 0.660714 0.454241 0.663690 0.459704 0.598423
0 0.460115 0.599415 0.454799 0.664683 0.489397 0.661706 0.495066 0.599415
1 0.494655 0.600146 0.489955 0.662698 0.525112 0.662698 0.528372 0.598684
0 0.528372 0.598684 0.525112 0.661706 0.560268 0.662698 0.563322 0.600146
0 0.563322 0.600146 0.560826 0.663690 0.596540 0.662698 0.597039 0.597953
0 0.597039 0.598684 0.597098 0.663690 0.632254 0.662698 0.632401 0.602339
0 0.057977 0.706140 0.034128 0.768275 0.067434 0.766813 0.088405 0.706140
0 0.088405 0.706140 0.069079 0.766813 0.112664 0.767544 0.129523 0.705409
0 0.131168 0.706140 0.112664 0.767544 0.152138 0.768275 0.169408 0.706871
0 0.168850 0.705148 0.152402 0.765821 0.191465 0.767283 0.209146 0.706610
0 0.209704 0.708333 0.191612 0.770468 0.231908 0.772661 0.246299 0.710526
0 0.247122 0.711988 0.231497 0.774123 0.275082 0.773392 0.288651 0.709064
0 0.288651 0.708072 0.275493 0.772400 0.318668 0.771669 0.329770 0.706610
0 0.329770 0.707602 0.317845 0.773392 0.361431 0.771930 0.372533 0.707602
0 0.372533 0.707602 0.360609 0.772661 0.405428 0.770468 0.413240 0.708333
0 0.412829 0.710526 0.403783 0.777778 0.447780 0.777047 0.453947 0.711257
0 0.453947 0.710526 0.447780 0.779240 0.488898 0.777778 0.494655 0.709795
0 0.494655 0.709795 0.488487 0.777047 0.530428 0.778509 0.534128 0.708333
0 0.534128 0.708333 0.532072 0.778509 0.574013 0.780702 0.574424 0.709795
0 0.574424 0.709795 0.573602 0.779240 0.622122 0.781433 0.620066 0.711257
0 0.620066 0.711257 0.622122 0.781433 0.664885 0.779240 0.662007 0.713450
0 0.662388 0.711310 0.665179 0.777778 0.711496 0.779762 0.706473 0.714286
0 0.706473 0.714286 0.712054 0.778770 0.760045 0.780754 0.753348 0.716270
0 0.752790 0.716270 0.758929 0.779762 0.809710 0.780754 0.800781 0.717262
0 0.800781 0.717262 0.809152 0.780754 0.854911 0.779762 0.845424 0.714286
