1 0.556919642578125 0.7192460322265625 0.4838169638671875 0.755952380859375 0.5340401787109375 0.8541666669921875 0.607700892578125 0.807539681640625 0.556919642578125 0.7192460322265625
1 0.5770089287109375 0.6170634912109375 0.5161830361328125 0.654761904296875 0.560825892578125 0.7291666669921875 0.6261160712890625 0.6904761904296876 0.5770089287109375 0.6170634912109375
1 0.5943080361328125 0.5307539677734375 0.5401785712890625 0.5605158740234375 0.583705357421875 0.6230158740234375 0.642299107421875 0.592261904296875 0.5943080361328125 0.5307539677734375
1 0.6127232138671875 0.4613095234375 0.5625 0.4880952373046875 0.607700892578125 0.5406746025390625 0.6607142861328125 0.509920634765625 0.6127232138671875 0.4613095234375
1 0.6400669638671875 0.346230158203125 0.5970982138671875 0.369047619140625 0.634486607421875 0.4057539677734375 0.6791294638671875 0.3839285712890625 0.6400669638671875 0.346230158203125
1 0.6255580361328125 0.40277777734375 0.578125 0.4246031748046875 0.618861607421875 0.4642857138671875 0.666294642578125 0.442460318359375 0.6255580361328125 0.40277777734375
1 0.28125 0.4771825400390625 0.2622767861328125 0.4384920634765625 0.204799107421875 0.4603174599609375 0.2193080361328125 0.50396825390625 0.28125 0.4771825400390625
1 0.260044642578125 0.4394841259765625 0.318638392578125 0.4146825400390625 0.3002232138671875 0.3829365087890625 0.2466517861328125 0.403769841796875 0.260044642578125 0.4394841259765625
1 0.3515625 0.3640873017578125 0.334263392578125 0.3343253974609375 0.2857142861328125 0.3531746025390625 0.3013392861328125 0.3819444443359375 0.3515625 0.3640873017578125
1 0.37890625 0.31646825390625 0.3627232138671875 0.2916666669921875 0.3203125 0.307539681640625 0.333705357421875 0.33234126953125 0.37890625 0.31646825390625
1 0.4051339287109375 0.2757936513671875 0.388950892578125 0.254960318359375 0.34765625 0.26884920703125 0.361049107421875 0.2906746025390625 0.4051339287109375 0.2757936513671875
1 0.00390625 0.6220238095703124 0.005580357421875 0.669642857421875 0.0814732138671875 0.640873015625 0.07421875 0.596230158203125 0.00390625 0.6220238095703124
1 0.06640625 0.5406746025390625 0.071986607421875 0.58234126953125 0.1411830361328125 0.552579365234375 0.130580357421875 0.513888888671875 0.06640625 0.5406746025390625
1 0.1222098212890625 0.4742063486328125 0.130580357421875 0.504960318359375 0.193080357421875 0.48115079296875 0.18359375 0.4503968251953125 0.1222098212890625 0.4742063486328125
1 0.1724330361328125 0.4146825400390625 0.1791294638671875 0.4444444443359375 0.2388392861328125 0.421626984375 0.228236607421875 0.3958333330078125 0.1724330361328125 0.4146825400390625
1 0.2137276787109375 0.3630952373046875 0.2237723212890625 0.3869047626953125 0.275111607421875 0.365079365234375 0.2628348212890625 0.3382936513671875 0.2137276787109375 0.3630952373046875
1 0.6869419638671875 0.337301587890625 0.650669642578125 0.307539681640625 0.6082589287109375 0.3244047626953125 0.6478794638671875 0.35615079296875 0.6869419638671875 0.337301587890625