1 0.555804 0.720238 0.484933 0.753968 0.530692 0.851190 0.608817 0.805556
1 0.579799 0.613095 0.518973 0.650794 0.563616 0.725198 0.628906 0.686508
1 0.598214 0.537698 0.544085 0.567460 0.579241 0.622024 0.636719 0.590278
1 0.615513 0.457341 0.560826 0.485119 0.607143 0.540675 0.660156 0.509921
1 0.640625 0.351190 0.595424 0.371032 0.632812 0.407738 0.678571 0.383929
1 0.624442 0.402778 0.578125 0.427579 0.619420 0.464286 0.666295 0.442460
1 0.281808 0.477183 0.262835 0.438492 0.205357 0.460317 0.219866 0.503968
1 0.263393 0.437500 0.319196 0.412698 0.300781 0.380952 0.247210 0.401786
1 0.352121 0.364087 0.335379 0.335317 0.285156 0.355159 0.300781 0.383929
1 0.378906 0.316468 0.363839 0.292659 0.320312 0.308532 0.333705 0.333333
1 0.404576 0.274802 0.389509 0.255952 0.348772 0.267857 0.362165 0.289683
1 0.004464 0.616071 0.006138 0.663690 0.082031 0.634921 0.074777 0.590278
1 0.065848 0.540675 0.071429 0.582341 0.140625 0.552579 0.130022 0.513889
1 0.120536 0.470238 0.128906 0.500992 0.191406 0.477183 0.181920 0.446429
1 0.174107 0.412698 0.180804 0.442460 0.240513 0.419643 0.226004 0.387897
1 0.215960 0.364087 0.226004 0.387897 0.277344 0.366071 0.265067 0.339286
1 0.534598 0.463294 0.479911 0.491071 0.506138 0.534722 0.565848 0.504960
1 0.552455 0.404762 0.501674 0.432540 0.526786 0.467262 0.585379 0.438492
1 0.685268 0.336310 0.654018 0.305556 0.607143 0.321429 0.640067 0.352183
1 0.693638 0.292659 0.661272 0.262897 0.621652 0.280754 0.655692 0.309524
