0 0.558036 0.717262 0.484933 0.753968 0.530692 0.851190 0.608817 0.805556
1 0.579799 0.613095 0.518973 0.650794 0.563616 0.725198 0.628906 0.686508
1 0.602679 0.528770 0.548549 0.558532 0.583705 0.613095 0.641183 0.581349
1 0.615513 0.457341 0.569754 0.482143 0.608259 0.536706 0.663504 0.505952
1 0.639509 0.346230 0.601562 0.365079 0.638951 0.401786 0.680804 0.377976
1 0.630580 0.397817 0.586496 0.419643 0.622210 0.461310 0.667411 0.437500
1 0.284040 0.472222 0.265067 0.433532 0.207589 0.455357 0.222098 0.499008
1 0.263951 0.434524 0.322545 0.409722 0.304129 0.377976 0.250558 0.398810
1 0.352679 0.359127 0.334821 0.331349 0.289621 0.350198 0.305246 0.378968
0 0.379464 0.313492 0.363839 0.290675 0.324219 0.306548 0.337612 0.331349
1 0.407924 0.274802 0.393973 0.255952 0.353237 0.267857 0.366629 0.289683
1 0.007254 0.615079 0.008929 0.662698 0.084821 0.633929 0.077567 0.589286
1 0.069754 0.535714 0.075335 0.577381 0.144531 0.547619 0.133929 0.508929
1 0.123884 0.470238 0.132254 0.500992 0.194754 0.477183 0.185268 0.446429
1 0.175223 0.409722 0.181920 0.439484 0.241629 0.416667 0.227121 0.384921
1 0.217076 0.362103 0.227121 0.385913 0.278460 0.364087 0.266183 0.337302
0 0.534598 0.463294 0.479911 0.491071 0.506138 0.534722 0.565848 0.504960
1 0.552455 0.404762 0.501674 0.432540 0.526786 0.467262 0.585379 0.438492
0 0.686942 0.331349 0.655134 0.299603 0.611607 0.316468 0.644531 0.347222
