0 0.556920 0.719246 0.483817 0.755952 0.534040 0.854167 0.607701 0.807540
0 0.579799 0.613095 0.518973 0.650794 0.563616 0.725198 0.628906 0.686508
0 0.598772 0.527778 0.540179 0.559524 0.583705 0.622024 0.642857 0.588294
0 0.617188 0.460317 0.563058 0.486111 0.608259 0.538690 0.662946 0.506944
0 0.642299 0.343254 0.596540 0.367063 0.633929 0.403770 0.680804 0.378968
0 0.667969 0.440476 0.667411 0.438492 0.630022 0.397817 0.579241 0.420635
0 0.283482 0.474206 0.264509 0.435516 0.207031 0.457341 0.221540 0.500992
0 0.262277 0.432540 0.320871 0.407738 0.302455 0.375992 0.248884 0.396825
0 0.353237 0.362103 0.335938 0.332341 0.287388 0.351190 0.303013 0.379960
0 0.380580 0.315476 0.364397 0.290675 0.321987 0.306548 0.335379 0.331349
0 0.406808 0.272817 0.390625 0.251984 0.349330 0.265873 0.362723 0.287698
0 0.005580 0.621032 0.007254 0.668651 0.083147 0.639881 0.075893 0.595238
0 0.069196 0.536706 0.074777 0.578373 0.143973 0.548611 0.133371 0.509921
0 0.123884 0.473214 0.132254 0.503968 0.194754 0.480159 0.185268 0.449405
0 0.174665 0.414683 0.181362 0.444444 0.241071 0.421627 0.230469 0.395833
0 0.219308 0.360119 0.229353 0.383929 0.280692 0.362103 0.268415 0.335317
0 0.877232 0.492063 0.819196 0.527778 0.873884 0.574405 0.931362 0.536706
0 0.876116 0.577381 0.824219 0.617063 0.880580 0.669643 0.932478 0.627976
0 0.689174 0.328373 0.654018 0.301587 0.613839 0.321429 0.647321 0.350198
0 0.665179 0.262897 0.626674 0.278770 0.656808 0.302579 0.694754 0.286706
0 0.615513 0.291667 0.590402 0.268849 0.549107 0.287698 0.572545 0.312500
0 0.583147 0.306548 0.537946 0.329365 0.565290 0.353175 0.611607 0.332341
0 0.564732 0.352183 0.522879 0.373016 0.553013 0.403770 0.597098 0.380952
0 0.547991 0.409722 0.502232 0.433532 0.529576 0.464286 0.579241 0.438492
0 0.531250 0.465278 0.479911 0.492063 0.511719 0.528770 0.563616 0.503968
0 0.253906 0.316468 0.266741 0.335317 0.311384 0.319444 0.300781 0.302579
0 0.288504 0.274802 0.297991 0.295635 0.342076 0.278770 0.329799 0.260913
0 0.318638 0.241071 0.327009 0.257937 0.368862 0.244048 0.356027 0.230159
