1 0.556920 0.719246 0.483817 0.755952 0.534040 0.854167 0.607701 0.807540
1 0.577009 0.617063 0.516183 0.654762 0.560826 0.729167 0.626116 0.690476
1 0.594308 0.530754 0.540179 0.560516 0.583705 0.623016 0.642299 0.592262
1 0.612723 0.461310 0.562500 0.488095 0.607701 0.540675 0.660714 0.509921
1 0.640067 0.346230 0.597098 0.369048 0.634487 0.405754 0.679129 0.383929
1 0.625558 0.402778 0.578125 0.424603 0.618862 0.464286 0.666295 0.442460
1 0.281250 0.477183 0.262277 0.438492 0.204799 0.460317 0.219308 0.503968
1 0.260045 0.439484 0.318638 0.414683 0.300223 0.382937 0.246652 0.403770
1 0.351562 0.364087 0.334263 0.334325 0.285714 0.353175 0.301339 0.381944
1 0.378906 0.316468 0.362723 0.291667 0.320312 0.307540 0.333705 0.332341
1 0.405134 0.275794 0.388951 0.254960 0.347656 0.268849 0.361049 0.290675
1 0.003906 0.622024 0.005580 0.669643 0.081473 0.640873 0.074219 0.596230
1 0.066406 0.540675 0.071987 0.582341 0.141183 0.552579 0.130580 0.513889
1 0.122210 0.474206 0.130580 0.504960 0.193080 0.481151 0.183594 0.450397
1 0.172433 0.414683 0.179129 0.444444 0.238839 0.421627 0.228237 0.395833
1 0.213728 0.363095 0.223772 0.386905 0.275112 0.365079 0.262835 0.338294
