0 0.556919642578125 0.7192460322265625 0.4838169638671875 0.755952380859375 0.5340401787109375 0.8541666669921875 0.607700892578125 0.807539681640625 0.556919642578125 0.7192460322265625
0 0.579799107421875 0.6130952373046875 0.5189732138671875 0.6507936513671875 0.5636160712890625 0.725198412109375 0.62890625 0.6865079365234374 0.579799107421875 0.6130952373046875
0 0.5987723212890625 0.52777777734375 0.5401785712890625 0.5595238095703124 0.583705357421875 0.6220238095703124 0.642857142578125 0.5882936513671875 0.5987723212890625 0.52777777734375
0 0.6171875 0.4603174599609375 0.5630580361328125 0.486111111328125 0.6082589287109375 0.5386904765625 0.6629464287109375 0.5069444443359375 0.6171875 0.4603174599609375
0 0.642299107421875 0.3432539677734375 0.5965401787109375 0.3670634912109375 0.6339285712890625 0.403769841796875 0.6808035712890625 0.37896825390625 0.642299107421875 0.3432539677734375
0 0.66796875 0.4404761904296875 0.6674107138671875 0.4384920634765625 0.6300223212890625 0.3978174599609375 0.5792410712890625 0.4206349208984375 0.6199776787109375 0.4603174599609375 0.66796875 0.4404761904296875
0 0.283482142578125 0.4742063486328125 0.2645089287109375 0.4355158740234375 0.20703125 0.45734126953125 0.2215401787109375 0.5009920634765626 0.283482142578125 0.4742063486328125
0 0.2622767861328125 0.432539681640625 0.3208705361328125 0.407738095703125 0.302455357421875 0.3759920634765625 0.2488839287109375 0.3968253974609375 0.2622767861328125 0.432539681640625
0 0.353236607421875 0.3621031748046875 0.3359375 0.33234126953125 0.287388392578125 0.3511904765625 0.303013392578125 0.379960318359375 0.353236607421875 0.3621031748046875
0 0.380580357421875 0.3154761904296875 0.3643973212890625 0.2906746025390625 0.321986607421875 0.306547619140625 0.3353794638671875 0.33134920703125 0.380580357421875 0.3154761904296875
0 0.4068080361328125 0.2728174599609375 0.390625 0.2519841259765625 0.349330357421875 0.265873015625 0.3627232138671875 0.287698412109375 0.4068080361328125 0.2728174599609375
0 0.005580357421875 0.62103174609375 0.0072544638671875 0.66865079296875 0.0831473212890625 0.639880953125 0.075892857421875 0.595238095703125 0.005580357421875 0.62103174609375
0 0.0691964287109375 0.5367063486328125 0.0747767861328125 0.578373015625 0.1439732138671875 0.548611111328125 0.1333705361328125 0.509920634765625 0.0691964287109375 0.5367063486328125
0 0.1238839287109375 0.4732142861328125 0.1322544638671875 0.50396825390625 0.1947544638671875 0.48015873046875 0.185267857421875 0.4494047626953125 0.1238839287109375 0.4732142861328125
0 0.1746651787109375 0.4146825400390625 0.181361607421875 0.4444444443359375 0.2410714287109375 0.421626984375 0.23046875 0.3958333330078125 0.1746651787109375 0.4146825400390625
0 0.2193080361328125 0.360119046875 0.2293526787109375 0.3839285712890625 0.2806919638671875 0.3621031748046875 0.2684151787109375 0.3353174599609375 0.2193080361328125 0.360119046875
0 0.877232142578125 0.4920634912109375 0.8191964287109375 0.52777777734375 0.8738839287109375 0.5744047626953125 0.931361607421875 0.5367063486328125 0.877232142578125 0.4920634912109375
0 0.8761160712890625 0.577380953125 0.82421875 0.6170634912109375 0.880580357421875 0.669642857421875 0.9324776787109375 0.6279761904296876 0.8761160712890625 0.577380953125
0 0.884486607421875 0.6706349208984375 0.8292410712890625 0.7182539677734375 0.8917410712890625 0.7807539677734375 0.94921875 0.7281746025390625 0.884486607421875 0.6706349208984375
0 0.689174107421875 0.328373015625 0.654017857421875 0.3015873017578125 0.6138392861328125 0.3214285712890625 0.6495535712890625 0.3482142861328125 0.689174107421875 0.328373015625
0 0.6651785712890625 0.2628968251953125 0.626674107421875 0.278769841796875 0.6568080361328125 0.302579365234375 0.6947544638671875 0.2867063486328125 0.6651785712890625 0.2628968251953125
0 0.615513392578125 0.2916666669921875 0.5904017861328125 0.26884920703125 0.549107142578125 0.287698412109375 0.572544642578125 0.3125 0.615513392578125 0.2916666669921875
0 0.5831473212890625 0.306547619140625 0.5379464287109375 0.3293650791015625 0.5652901787109375 0.3531746025390625 0.611607142578125 0.33234126953125 0.5831473212890625 0.306547619140625
0 0.564732142578125 0.3521825400390625 0.5228794638671875 0.3730158740234375 0.553013392578125 0.403769841796875 0.5970982138671875 0.380952380859375 0.564732142578125 0.3521825400390625
0 0.5479910712890625 0.40972222265625 0.502232142578125 0.43353174609375 0.529575892578125 0.4642857138671875 0.5792410712890625 0.4384920634765625 0.5479910712890625 0.40972222265625
0 0.53125 0.46527777734375 0.4799107138671875 0.4920634912109375 0.51171875 0.528769841796875 0.5636160712890625 0.50396825390625 0.53125 0.46527777734375
0 0.25390625 0.31646825390625 0.2667410712890625 0.3353174599609375 0.3113839287109375 0.3194444443359375 0.30078125 0.302579365234375 0.25390625 0.31646825390625
0 0.2885044638671875 0.274801587890625 0.2979910712890625 0.2956349208984375 0.342075892578125 0.278769841796875 0.329799107421875 0.2609126982421875 0.2885044638671875 0.274801587890625
0 0.318638392578125 0.2410714287109375 0.3270089287109375 0.2579365087890625 0.368861607421875 0.244047619140625 0.3560267861328125 0.23015873046875 0.318638392578125 0.2410714287109375