1 0.473214 0.872024 0.560268 0.918651 0.582589 0.813492 0.502790 0.777778
0 0.433594 0.741071 0.504464 0.776786 0.527902 0.684524 0.457589 0.654762
0 0.457589 0.654762 0.478795 0.571429 0.416295 0.551587 0.389509 0.625000
0 0.323103 0.440476 0.377790 0.455357 0.403460 0.399802 0.351004 0.381944
0 0.275670 0.292659 0.322545 0.309524 0.349888 0.259921 0.304688 0.245040
0 0.253906 0.234127 0.299665 0.246032 0.325335 0.203373 0.282366 0.191468
1 0.583705 0.670635 0.598214 0.590278 0.529018 0.564484 0.508371 0.643849
0 0.544085 0.490079 0.485491 0.470238 0.462612 0.539683 0.530134 0.562500
0 0.506138 0.410714 0.448661 0.391865 0.421875 0.452381 0.488281 0.473214
0 0.449219 0.390873 0.470424 0.336310 0.413504 0.319444 0.388393 0.373016
0 0.386161 0.259921 0.363839 0.303571 0.412388 0.321429 0.436942 0.270833
0 0.404576 0.215278 0.358259 0.200397 0.337612 0.240079 0.383371 0.256944
0 0.335938 0.151786 0.311384 0.186508 0.359375 0.203373 0.381696 0.163690
0 0.332589 0.149802 0.354353 0.116071 0.316406 0.106151 0.294085 0.138889
0 0.313058 0.105159 0.332589 0.074405 0.293527 0.065476 0.275670 0.093254
0 0.731027 0.326389 0.724888 0.379960 0.787946 0.394841 0.791853 0.341270
0 0.681362 0.259921 0.671875 0.308532 0.730469 0.326389 0.737723 0.276786
0 0.641183 0.202381 0.630022 0.249008 0.681362 0.259921 0.688616 0.216270
0 0.603237 0.156746 0.593750 0.193452 0.641183 0.203373 0.652902 0.165675
0 0.567522 0.110119 0.556362 0.141865 0.604353 0.156746 0.611607 0.119048
0 0.535156 0.069444 0.522879 0.104167 0.566406 0.114087 0.578125 0.078373
0 0.505022 0.029762 0.490513 0.066468 0.535714 0.073413 0.547433 0.037698
0 0.621652 0.049603 0.575893 0.038690 0.565290 0.064484 0.611049 0.077381
0 0.656808 0.085317 0.608259 0.075397 0.597656 0.107143 0.650670 0.120040
0 0.695871 0.131944 0.640067 0.117063 0.632812 0.153770 0.686384 0.164683
0 0.742188 0.175595 0.684152 0.161706 0.675223 0.200397 0.734375 0.215278
1 0.353795 0.529762 0.412946 0.549603 0.438058 0.478175 0.378906 0.457341
1 0.325893 0.309524 0.297991 0.359127 0.349330 0.374008 0.373326 0.326389
1 0.260603 0.141865 0.238281 0.180556 0.278460 0.192460 0.301897 0.156746
1 0.659598 0.701389 0.580915 0.676587 0.561942 0.768849 0.645647 0.805556
1 0.849330 0.477183 0.845982 0.553571 0.917969 0.587302 0.917411 0.503968
1 0.787388 0.392857 0.784040 0.457341 0.847656 0.482143 0.851562 0.414683
1 0.689732 0.257937 0.751674 0.273810 0.758371 0.219246 0.696987 0.205357
