1 0.107178 0.056152 0.241455 0.056152 0.241455 0.178223 0.107178 0.178223
1 0.107910 0.178223 0.241699 0.178223 0.241699 0.303223 0.107910 0.303223
1 0.107666 0.301758 0.239014 0.301758 0.239014 0.420898 0.107666 0.420898
1 0.105469 0.420898 0.239258 0.420898 0.239258 0.539062 0.105469 0.539062
1 0.105957 0.539062 0.238770 0.539062 0.238770 0.659180 0.105957 0.659180
0 0.106201 0.659180 0.238525 0.659180 0.238525 0.781250 0.106201 0.781250
1 0.106445 0.777832 0.239258 0.777832 0.239258 0.901855 0.106445 0.901855
0 0.394043 0.056152 0.532715 0.056152 0.532715 0.177246 0.394043 0.177246
1 0.394287 0.177246 0.530518 0.177246 0.530518 0.303223 0.394287 0.303223
1 0.392090 0.302734 0.530762 0.302734 0.530762 0.421875 0.392090 0.421875
1 0.392090 0.421875 0.527832 0.421875 0.527832 0.541992 0.392090 0.541992
0 0.392090 0.541992 0.527832 0.541992 0.527832 0.659180 0.392090 0.659180
0 0.392334 0.659180 0.529541 0.659180 0.529541 0.781250 0.392334 0.781250
0 0.392334 0.780762 0.529541 0.780762 0.529541 0.902832 0.392334 0.902832
1 0.531250 0.055176 0.671875 0.055176 0.671875 0.175293 0.531250 0.175293
1 0.531250 0.174805 0.671875 0.174805 0.671875 0.301758 0.531250 0.301758
1 0.531494 0.301758 0.670654 0.301758 0.670654 0.422852 0.531494 0.422852
1 0.528564 0.422852 0.670654 0.422852 0.670654 0.541992 0.528564 0.541992
1 0.527832 0.543945 0.669434 0.543945 0.669434 0.660156 0.527832 0.660156
0 0.529053 0.660156 0.669189 0.660156 0.669189 0.784180 0.529053 0.784180
0 0.529297 0.783691 0.670898 0.783691 0.670898 0.901855 0.529297 0.901855
0 0.819336 0.781738 0.959961 0.781738 0.959961 0.904785 0.819336 0.904785
0 0.819092 0.660156 0.962158 0.660156 0.962158 0.782227 0.819092 0.782227
1 0.819092 0.528320 0.962158 0.528320 0.962158 0.660156 0.819092 0.660156
1 0.820068 0.415283 0.962158 0.415283 0.962158 0.529053 0.820068 0.529053
1 0.820068 0.295898 0.963135 0.295898 0.963135 0.415039 0.820068 0.415039
1 0.818604 0.173828 0.962646 0.173828 0.962646 0.295898 0.818604 0.295898
1 0.818359 0.052734 0.964844 0.052734 0.964844 0.173828 0.818359 0.173828
