1 0.17431640625 0.1171875 0.13427734375 0.1220703125
1 0.1748046875 0.24072265625 0.1337890625 0.125
1 0.17333984375 0.361328125 0.13134765625 0.119140625
1 0.17236328125 0.47998046875 0.1337890625 0.1181640625
1 0.17236328125 0.59912109375 0.1328125 0.1201171875
0 0.17236328125 0.72021484375 0.13232421875 0.1220703125
1 0.1728515625 0.83984375 0.1328125 0.1240234375
0 0.46337890625 0.11669921875 0.138671875 0.12109375
1 0.46240234375 0.240234375 0.13623046875 0.1259765625
1 0.46142578125 0.3623046875 0.138671875 0.119140625
1 0.4599609375 0.48193359375 0.1357421875 0.1201171875
0 0.4599609375 0.6005859375 0.1357421875 0.1171875
0 0.4609375 0.72021484375 0.13720703125 0.1220703125
0 0.4609375 0.841796875 0.13720703125 0.1220703125
1 0.6015625 0.115234375 0.140625 0.1201171875
1 0.6015625 0.23828125 0.140625 0.126953125
1 0.60107421875 0.3623046875 0.13916015625 0.12109375
1 0.599609375 0.482421875 0.14208984375 0.119140625
1 0.5986328125 0.60205078125 0.1416015625 0.1162109375
0 0.59912109375 0.72216796875 0.14013671875 0.1240234375
0 0.60009765625 0.8427734375 0.1416015625 0.1181640625
0 0.8896484375 0.84326171875 0.140625 0.123046875
0 0.890625 0.72119140625 0.14306640625 0.1220703125
1 0.890625 0.59423828125 0.14306640625 0.1318359375
1 0.89111328125 0.47216796875 0.14208984375 0.11376953125
1 0.8916015625 0.35546875 0.14306640625 0.119140625
1 0.890625 0.23486328125 0.14404296875 0.1220703125
1 0.8916015625 0.11328125 0.146484375 0.12109375