1 0.17138671875 0.837890625 0.13525390625 0.1240234375
1 0.60400390625 0.60009765625 0.1435546875 0.1123046875
1 0.45849609375 0.48388671875 0.14599609375 0.1240234375
1 0.1728515625 0.24267578125 0.1435546875 0.11767578125
1 0.17529296875 0.357421875 0.13671875 0.11328125
1 0.1748046875 0.47705078125 0.1337890625 0.11572265625
1 0.17236328125 0.595703125 0.13818359375 0.115234375
1 0.5986328125 0.2294921875 0.1376953125 0.11572265625
1 0.599609375 0.35791015625 0.13525390625 0.1171875
1 0.59912109375 0.47607421875 0.1396484375 0.1142578125
1 0.88916015625 0.6025390625 0.146484375 0.123046875
1 0.458984375 0.3583984375 0.13525390625 0.12158203125
1 0.458984375 0.232421875 0.13623046875 0.12158203125
1 0.599609375 0.11376953125 0.130859375 0.11767578125
1 0.89111328125 0.2314453125 0.14306640625 0.123046875
1 0.890625 0.35595703125 0.1455078125 0.1220703125
1 0.890625 0.478515625 0.13671875 0.125
1 0.89404296875 0.1083984375 0.1455078125 0.1220703125
0 0.17431640625 0.71826171875 0.14013671875 0.11767578125
0 0.5986328125 0.72021484375 0.13720703125 0.12255859375
0 0.45849609375 0.951171875 0.13916015625 0.09765625
0 0.4580078125 0.84423828125 0.13525390625 0.12255859375
0 0.458984375 0.7197265625 0.14111328125 0.11767578125
0 0.45751953125 0.60693359375 0.14111328125 0.10400390625
0 0.8896484375 0.84423828125 0.13623046875 0.11474609375
0 0.888671875 0.7236328125 0.14013671875 0.12060546875
0 0.599609375 0.94873046875 0.13623046875 0.10205078125
0 0.59716796875 0.83837890625 0.13525390625 0.11474609375
0 0.458984375 0.1142578125 0.140625 0.115234375
0 0.1728515625 0.95361328125 0.1328125 0.0927734375
1 0.17578125 0.11572265625 0.134765625 0.1220703125