1 0.29931640625 0.44091796875 0.16796875 0.15576171875
1 0.88037109375 0.8095703125 0.1689453125 0.11181640625
1 0.87939453125 0.4013671875 0.16552734375 0.15234375
1 0.880859375 0.24462890625 0.162109375 0.1513671875
1 0.88037109375 0.556640625 0.169921875 0.1513671875
1 0.69970703125 0.69384765625 0.17236328125 0.12060546875
1 0.30078125 0.81005859375 0.16796875 0.1123046875
1 0.70068359375 0.0908203125 0.169921875 0.1484375
1 0.70166015625 0.24609375 0.17138671875 0.1591796875
1 0.70068359375 0.4013671875 0.177734375 0.15673828125
1 0.6982421875 0.55615234375 0.17578125 0.15185546875
1 0.29833984375 0.693359375 0.166015625 0.115234375
1 0.29638671875 0.57861328125 0.1748046875 0.1142578125
1 0.30126953125 0.2841796875 0.16650390625 0.1513671875
1 0.298828125 0.12060546875 0.18017578125 0.16162109375
1 0.12451171875 0.923828125 0.16748046875 0.11767578125
1 0.1240234375 0.8095703125 0.16845703125 0.11376953125
1 0.1220703125 0.69189453125 0.17578125 0.1123046875
1 0.119140625 0.578125 0.1748046875 0.11572265625
1 0.1220703125 0.439453125 0.16943359375 0.1552734375
1 0.123046875 0.283203125 0.1669921875 0.15869140625
1 0.1201171875 0.12451171875 0.177734375 0.1494140625
1 0.29833984375 0.92431640625 0.1708984375 0.1123046875
1 0.69970703125 0.92529296875 0.1787109375 0.1162109375
1 0.88037109375 0.9248046875 0.1689453125 0.11328125
1 0.701171875 0.81005859375 0.17578125 0.1123046875
1 0.87890625 0.6943359375 0.169921875 0.115234375
1 0.87841796875 0.09033203125 0.1650390625 0.1474609375