1 0.042969 0.043945 0.207031 0.043945 0.207031 0.206055 0.042969 0.206055
1 0.041992 0.206055 0.207031 0.206055 0.207031 0.364258 0.041992 0.364258
1 0.041992 0.363770 0.207031 0.363770 0.207031 0.521973 0.041992 0.521973
1 0.041748 0.522217 0.207275 0.522217 0.207275 0.635010 0.041748 0.635010
1 0.041260 0.634766 0.207764 0.634766 0.207764 0.753906 0.041260 0.753906
1 0.038086 0.754150 0.208008 0.754150 0.208008 0.865967 0.038086 0.865967
1 0.037842 0.865723 0.206299 0.865723 0.206299 0.981934 0.037842 0.981934
1 0.216309 0.864746 0.384277 0.864746 0.384277 0.981934 0.216309 0.981934
1 0.216309 0.753174 0.384277 0.753174 0.384277 0.864990 0.216309 0.864990
1 0.216309 0.635742 0.383301 0.635742 0.383301 0.752930 0.216309 0.752930
1 0.215088 0.520020 0.383545 0.520020 0.383545 0.636230 0.215088 0.636230
1 0.215088 0.360840 0.384521 0.360840 0.384521 0.520020 0.215088 0.520020
1 0.214355 0.204102 0.384277 0.204102 0.384277 0.361328 0.214355 0.361328
1 0.214355 0.046875 0.384277 0.046875 0.384277 0.204102 0.214355 0.204102
1 0.614502 0.015869 0.788818 0.015869 0.788818 0.166748 0.614502 0.166748
1 0.614990 0.166992 0.788330 0.166992 0.788330 0.327148 0.614990 0.327148
1 0.614990 0.326904 0.787354 0.326904 0.787354 0.479736 0.614990 0.479736
1 0.614258 0.479980 0.787109 0.479980 0.787109 0.638184 0.614258 0.638184
1 0.614014 0.637695 0.786377 0.637695 0.786377 0.752930 0.614014 0.752930
1 0.614990 0.753174 0.786377 0.753174 0.786377 0.866943 0.614990 0.866943
1 0.614990 0.866699 0.787354 0.866699 0.787354 0.985840 0.614990 0.985840
1 0.797119 0.868652 0.963623 0.868652 0.963623 0.983887 0.797119 0.983887
1 0.797119 0.752930 0.963623 0.752930 0.963623 0.869141 0.797119 0.869141
1 0.797363 0.635742 0.962402 0.635742 0.962402 0.752930 0.797363 0.752930
1 0.795654 0.480225 0.962158 0.480225 0.962158 0.635986 0.795654 0.635986
1 0.795654 0.325928 0.961182 0.325928 0.961182 0.479736 0.795654 0.479736
1 0.797363 0.167969 0.961426 0.167969 0.961426 0.326172 0.797363 0.326172
1 0.796875 0.013916 0.959961 0.013916 0.959961 0.167725 0.796875 0.167725
