1 0.215332 0.363037 0.383301 0.363037 0.383301 0.518799 0.215332 0.518799
1 0.795898 0.753662 0.964844 0.753662 0.964844 0.865479 0.795898 0.865479
1 0.796631 0.325195 0.962158 0.325195 0.962158 0.477539 0.796631 0.477539
1 0.799805 0.168945 0.961914 0.168945 0.961914 0.320312 0.799805 0.320312
1 0.795410 0.480957 0.965332 0.480957 0.965332 0.632324 0.795410 0.632324
1 0.613525 0.633545 0.785889 0.633545 0.785889 0.754150 0.613525 0.754150
1 0.216797 0.753906 0.384766 0.753906 0.384766 0.866211 0.216797 0.866211
1 0.615723 0.016602 0.785645 0.016602 0.785645 0.165039 0.615723 0.165039
1 0.615967 0.166504 0.787354 0.166504 0.787354 0.325684 0.615967 0.325684
1 0.611816 0.322998 0.789551 0.322998 0.789551 0.479736 0.611816 0.479736
1 0.610352 0.480225 0.786133 0.480225 0.786133 0.632080 0.610352 0.632080
1 0.215332 0.635742 0.381348 0.635742 0.381348 0.750977 0.215332 0.750977
1 0.208984 0.521484 0.383789 0.521484 0.383789 0.635742 0.208984 0.635742
1 0.218018 0.208496 0.384521 0.208496 0.384521 0.359863 0.218018 0.359863
1 0.208740 0.039795 0.388916 0.039795 0.388916 0.201416 0.208740 0.201416
1 0.040771 0.864990 0.208252 0.864990 0.208252 0.982666 0.040771 0.982666
1 0.039795 0.752686 0.208252 0.752686 0.208252 0.866455 0.039795 0.866455
1 0.034180 0.635742 0.209961 0.635742 0.209961 0.748047 0.034180 0.748047
1 0.031738 0.520264 0.206543 0.520264 0.206543 0.635986 0.031738 0.635986
1 0.037354 0.361816 0.206787 0.361816 0.206787 0.517090 0.037354 0.517090
1 0.039551 0.203857 0.206543 0.203857 0.206543 0.362549 0.039551 0.362549
1 0.031250 0.049805 0.208984 0.049805 0.208984 0.199219 0.031250 0.199219
1 0.212891 0.868164 0.383789 0.868164 0.383789 0.980469 0.212891 0.980469
1 0.610352 0.867188 0.789062 0.867188 0.789062 0.983398 0.610352 0.983398
1 0.795898 0.868164 0.964844 0.868164 0.964844 0.981445 0.795898 0.981445
1 0.613281 0.753906 0.789062 0.753906 0.789062 0.866211 0.613281 0.866211
1 0.793945 0.636719 0.963867 0.636719 0.963867 0.751953 0.793945 0.751953
1 0.795898 0.016602 0.960938 0.016602 0.960938 0.164062 0.795898 0.164062
