1 0.240723 0.125000 0.351074 0.125000 0.351074 0.422852 0.240723 0.422852
1 0.703613 0.124023 0.809082 0.124023 0.809082 0.429688 0.703613 0.429688
1 0.352539 0.126465 0.464844 0.126465 0.464844 0.421387 0.352539 0.421387
0 0.009277 0.127930 0.120605 0.127930 0.120605 0.422852 0.009277 0.422852
0 0.354492 0.792969 0.468750 0.792969 0.468750 0.922852 0.354492 0.922852
0 0.583496 0.126465 0.694824 0.126465 0.694824 0.421387 0.583496 0.421387
0 0.469238 0.125488 0.581543 0.125488 0.581543 0.405762 0.469238 0.405762
0 0.121094 0.129395 0.235352 0.129395 0.235352 0.425293 0.121094 0.425293
0 0.585449 0.789551 0.698730 0.789551 0.698730 0.922363 0.585449 0.922363
0 0.470215 0.791992 0.582520 0.791992 0.582520 0.922852 0.470215 0.922852
0 0.239746 0.792480 0.354980 0.792480 0.354980 0.931152 0.239746 0.931152
0 0.125488 0.793945 0.237793 0.793945 0.237793 0.926758 0.125488 0.926758
0 0.011719 0.796387 0.125000 0.796387 0.125000 0.929199 0.011719 0.929199
0 0.702148 0.784180 0.818359 0.784180 0.818359 0.923828 0.702148 0.923828
0 0.815430 0.784180 0.936523 0.784180 0.936523 0.924805 0.815430 0.924805
