1 0.048340 0.083008 0.102051 0.083008 0.102051 0.258789 0.048340 0.258789
1 0.102295 0.084961 0.154541 0.084961 0.154541 0.258789 0.102295 0.258789
0 0.154297 0.082764 0.205078 0.082764 0.205078 0.263916 0.154297 0.263916
1 0.204834 0.082764 0.260010 0.082764 0.260010 0.263916 0.204834 0.263916
0 0.259766 0.082764 0.313477 0.082764 0.313477 0.260986 0.259766 0.260986
1 0.312988 0.080811 0.362793 0.080811 0.362793 0.259033 0.312988 0.259033
0 0.362549 0.080811 0.417725 0.080811 0.417725 0.260986 0.362549 0.260986
0 0.417725 0.079834 0.468994 0.079834 0.468994 0.260986 0.417725 0.260986
0 0.469482 0.079834 0.523682 0.079834 0.523682 0.259033 0.469482 0.259033
0 0.523438 0.078857 0.574219 0.078857 0.574219 0.259033 0.523438 0.259033
1 0.574219 0.079102 0.630859 0.079102 0.630859 0.255859 0.574219 0.255859
1 0.630859 0.077881 0.680664 0.077881 0.680664 0.256104 0.630859 0.256104
0 0.680664 0.077881 0.734375 0.077881 0.734375 0.256104 0.680664 0.256104
1 0.681641 0.256348 0.734375 0.256348 0.734375 0.433105 0.681641 0.433105
0 0.630127 0.257324 0.681396 0.257324 0.681396 0.433105 0.630127 0.433105
0 0.577881 0.257080 0.630127 0.257080 0.630127 0.436279 0.577881 0.436279
0 0.524414 0.260254 0.577148 0.260254 0.577148 0.437012 0.524414 0.437012
0 0.468994 0.260254 0.524170 0.260254 0.524170 0.435059 0.468994 0.435059
0 0.418701 0.261230 0.469971 0.261230 0.469971 0.436035 0.418701 0.436035
0 0.363525 0.260254 0.418701 0.260254 0.418701 0.436035 0.363525 0.436035
0 0.312256 0.260010 0.363525 0.260010 0.363525 0.440186 0.312256 0.440186
1 0.258301 0.260986 0.312012 0.260986 0.312012 0.440186 0.258301 0.440186
0 0.208008 0.261963 0.260742 0.261963 0.260742 0.441162 0.208008 0.441162
1 0.151367 0.260010 0.208008 0.260010 0.208008 0.441162 0.151367 0.441162
0 0.102295 0.260010 0.151611 0.260010 0.151611 0.440186 0.102295 0.440186
0 0.051025 0.260986 0.102295 0.260986 0.102295 0.440186 0.051025 0.440186
0 0.939209 0.256348 0.991455 0.256348 0.991455 0.433105 0.939209 0.433105
1 0.934326 0.077881 0.991455 0.077881 0.991455 0.256104 0.934326 0.256104
0 0.051025 0.640869 0.102295 0.640869 0.102295 0.824951 0.051025 0.824951
0 0.103027 0.640869 0.155762 0.640869 0.155762 0.824951 0.103027 0.824951
1 0.156494 0.639893 0.208740 0.639893 0.208740 0.822998 0.156494 0.822998
1 0.207031 0.640869 0.259766 0.640869 0.259766 0.824951 0.207031 0.824951
0 0.262207 0.640869 0.315918 0.640869 0.315918 0.822998 0.262207 0.822998
1 0.315674 0.644775 0.367920 0.644775 0.367920 0.822998 0.315674 0.822998
0 0.367676 0.639893 0.420410 0.639893 0.420410 0.823975 0.367676 0.823975
1 0.420898 0.639893 0.473633 0.639893 0.473633 0.822998 0.420898 0.822998
1 0.473633 0.639893 0.527344 0.639893 0.527344 0.821045 0.473633 0.821045
0 0.527344 0.640869 0.580078 0.640869 0.580078 0.821045 0.527344 0.821045
1 0.580078 0.640869 0.632812 0.640869 0.632812 0.822021 0.580078 0.822021
0 0.632812 0.638916 0.686523 0.638916 0.686523 0.822021 0.632812 0.822021
1 0.686279 0.638916 0.741455 0.638916 0.741455 0.822998 0.686279 0.822998
0 0.942627 0.638916 0.999756 0.638916 0.999756 0.819092 0.942627 0.819092
