1 0.181640625 0.73193359375 0.0517578125 0.18310546875
1 0.7099609375 0.34765625 0.0517578125 0.17822265625
1 0.71337890625 0.73193359375 0.0546875 0.1826171875
1 0.60595703125 0.73291015625 0.0546875 0.18505859375
1 0.50146484375 0.732421875 0.0537109375 0.18212890625
1 0.3369140625 0.16796875 0.05322265625 0.1796875
1 0.2861328125 0.3486328125 0.05078125 0.17431640625
1 0.44580078125 0.7333984375 0.05224609375 0.1875
1 0.34228515625 0.732421875 0.048828125 0.18017578125
1 0.2333984375 0.73193359375 0.052734375 0.18115234375
1 0.1796875 0.349609375 0.05078125 0.17626953125
1 0.12646484375 0.17041015625 0.05224609375 0.17919921875
1 0.6015625 0.1650390625 0.052734375 0.17724609375
1 0.65478515625 0.1669921875 0.052734375 0.177734375
0 0.39208984375 0.35009765625 0.0517578125 0.177734375
0 0.33837890625 0.3486328125 0.052734375 0.17529296875
0 0.5537109375 0.91162109375 0.04833984375 0.1767578125
0 0.60302734375 0.3447265625 0.05078125 0.173828125
0 0.55224609375 0.34716796875 0.05078125 0.1748046875
0 0.28759765625 0.73388671875 0.0537109375 0.18408203125
0 0.39208984375 0.16943359375 0.052734375 0.18017578125
0 0.498046875 0.35009765625 0.0498046875 0.173828125
0 0.4453125 0.34814453125 0.0478515625 0.1708984375
0 0.50244140625 0.91259765625 0.0546875 0.17431640625
0 0.6611328125 0.91259765625 0.0498046875 0.1748046875
0 0.60888671875 0.91162109375 0.056640625 0.17236328125
0 0.44873046875 0.91064453125 0.0498046875 0.17041015625
0 0.1279296875 0.91259765625 0.0517578125 0.17236328125
1 0.07470703125 0.17236328125 0.0498046875 0.1787109375
1 0.2333984375 0.17138671875 0.052734375 0.1787109375
1 0.9638671875 0.16552734375 0.056640625 0.1806640625
1 0.02587890625 0.173828125 0.0458984375 0.1796875
0 0.17919921875 0.171875 0.0537109375 0.1796875
0 0.28662109375 0.1708984375 0.0517578125 0.17578125
0 0.44189453125 0.169921875 0.0556640625 0.1796875
0 0.498046875 0.16845703125 0.0546875 0.1806640625
0 0.5478515625 0.1689453125 0.05078125 0.1796875
0 0.7060546875 0.1669921875 0.0546875 0.173828125
0 0.966796875 0.3466796875 0.0546875 0.177734375
0 0.02490234375 0.35205078125 0.0498046875 0.1748046875
0 0.07568359375 0.35107421875 0.0556640625 0.1748046875
0 0.12744140625 0.35205078125 0.0498046875 0.1748046875
0 0.23193359375 0.349609375 0.0498046875 0.173828125
0 0.65478515625 0.34619140625 0.0478515625 0.1787109375
0 0.97314453125 0.728515625 0.0537109375 0.181640625
0 0.97314453125 0.90869140625 0.0537109375 0.1748046875
0 0.71728515625 0.91259765625 0.0537109375 0.1748046875
0 0.66064453125 0.73291015625 0.0498046875 0.1845703125
0 0.5537109375 0.73291015625 0.046875 0.1865234375
0 0.3955078125 0.73291015625 0.05078125 0.1845703125
0 0.12841796875 0.732421875 0.0537109375 0.1796875
0 0.07568359375 0.7333984375 0.0537109375 0.18359375
0 0.02294921875 0.7333984375 0.0458984375 0.18359375
0 0.025390625 0.9140625 0.05078125 0.171875
0 0.07666015625 0.91162109375 0.0498046875 0.1728515625
0 0.181640625 0.91259765625 0.05078125 0.1748046875
0 0.23486328125 0.912109375 0.0556640625 0.17578125
0 0.28857421875 0.91455078125 0.0498046875 0.1708984375
0 0.3427734375 0.91259765625 0.052734375 0.1748046875
0 0.39501953125 0.912109375 0.0517578125 0.173828125