1 0.0751953125 0.1708984375 0.0537109375 0.17578125
1 0.12841796875 0.171875 0.05224609375 0.173828125
0 0.1796875 0.17333984375 0.05078125 0.18115234375
1 0.232421875 0.17333984375 0.05517578125 0.18115234375
0 0.28662109375 0.171875 0.0537109375 0.17822265625
1 0.337890625 0.169921875 0.0498046875 0.17822265625
0 0.39013671875 0.1708984375 0.05517578125 0.18017578125
0 0.443359375 0.17041015625 0.05126953125 0.18115234375
0 0.49658203125 0.16943359375 0.05419921875 0.17919921875
0 0.548828125 0.1689453125 0.05078125 0.18017578125
1 0.6025390625 0.16748046875 0.056640625 0.1767578125
1 0.65576171875 0.1669921875 0.0498046875 0.17822265625
0 0.70751953125 0.1669921875 0.0537109375 0.17822265625
1 0.7080078125 0.3447265625 0.052734375 0.1767578125
0 0.65576171875 0.34521484375 0.05126953125 0.17578125
0 0.60400390625 0.3466796875 0.05224609375 0.17919921875
0 0.55078125 0.3486328125 0.052734375 0.1767578125
0 0.49658203125 0.34765625 0.05517578125 0.1748046875
0 0.4443359375 0.3486328125 0.05126953125 0.1748046875
0 0.39111328125 0.34814453125 0.05517578125 0.17578125
0 0.337890625 0.35009765625 0.05126953125 0.18017578125
1 0.28515625 0.3505859375 0.0537109375 0.17919921875
0 0.234375 0.3515625 0.052734375 0.17919921875
1 0.1796875 0.3505859375 0.056640625 0.18115234375
0 0.126953125 0.35009765625 0.04931640625 0.18017578125
0 0.07666015625 0.3505859375 0.05126953125 0.17919921875
0 0.96533203125 0.3447265625 0.05224609375 0.1767578125
1 0.962890625 0.1669921875 0.05712890625 0.17822265625
0 0.07666015625 0.73291015625 0.05126953125 0.18408203125
0 0.12939453125 0.73291015625 0.052734375 0.18408203125
1 0.1826171875 0.7314453125 0.05224609375 0.18310546875
1 0.2333984375 0.73291015625 0.052734375 0.18408203125
0 0.2890625 0.73193359375 0.0537109375 0.18212890625
1 0.341796875 0.73388671875 0.05224609375 0.17822265625
0 0.39404296875 0.73193359375 0.052734375 0.18408203125
1 0.447265625 0.7314453125 0.052734375 0.18310546875
1 0.50048828125 0.73046875 0.0537109375 0.18115234375
0 0.5537109375 0.73095703125 0.052734375 0.18017578125
1 0.6064453125 0.7314453125 0.052734375 0.18115234375
0 0.65966796875 0.73046875 0.0537109375 0.18310546875
1 0.7138671875 0.73095703125 0.05517578125 0.18408203125
0 0.97119140625 0.72900390625 0.05712890625 0.18017578125