1 0.578125 0.500000 0.643555 0.500000 0.643555 0.688477 0.578125 0.688477
1 0.895020 0.496582 0.956543 0.496582 0.956543 0.689941 0.895020 0.689941
1 0.388916 0.690430 0.453857 0.690430 0.453857 0.876953 0.388916 0.876953
1 0.705566 0.492676 0.768066 0.492676 0.768066 0.687012 0.705566 0.687012
0 0.058838 0.503906 0.122803 0.503906 0.122803 0.687500 0.058838 0.687500
0 0.062988 0.691406 0.123535 0.691406 0.123535 0.878906 0.062988 0.878906
0 0.130127 0.689941 0.192139 0.689941 0.192139 0.880371 0.130127 0.880371
0 0.196777 0.691406 0.256348 0.691406 0.256348 0.876953 0.196777 0.876953
0 0.196045 0.505859 0.259033 0.505859 0.259033 0.687500 0.196045 0.687500
0 0.125488 0.505371 0.193848 0.505371 0.193848 0.687988 0.125488 0.687988
0 0.326660 0.689941 0.386230 0.689941 0.386230 0.876465 0.326660 0.876465
0 0.260498 0.689453 0.320557 0.689453 0.320557 0.878906 0.260498 0.878906
0 0.260254 0.503418 0.320801 0.503418 0.320801 0.687012 0.260254 0.687012
0 0.000000 0.505859 0.057617 0.505859 0.057617 0.684570 0.000000 0.684570
0 0.000000 0.691895 0.059570 0.691895 0.059570 0.876465 0.000000 0.876465
0 0.324219 0.504883 0.389648 0.504883 0.389648 0.686523 0.324219 0.686523
0 0.391602 0.504883 0.451172 0.504883 0.451172 0.689453 0.391602 0.689453
0 0.451172 0.503906 0.517578 0.503906 0.517578 0.689453 0.451172 0.689453
0 0.451172 0.689453 0.517578 0.689453 0.517578 0.879883 0.451172 0.879883
0 0.517578 0.691406 0.579102 0.691406 0.579102 0.880859 0.517578 0.880859
0 0.516602 0.500977 0.579102 0.500977 0.579102 0.690430 0.516602 0.690430
0 0.645508 0.500000 0.708008 0.500000 0.708008 0.688477 0.645508 0.688477
0 0.645508 0.694336 0.706055 0.694336 0.706055 0.883789 0.645508 0.883789
0 0.768555 0.688477 0.833984 0.688477 0.833984 0.880859 0.768555 0.880859
0 0.771484 0.495117 0.833008 0.495117 0.833008 0.689453 0.771484 0.689453
0 0.833008 0.493164 0.893555 0.493164 0.893555 0.688477 0.833008 0.688477
0 0.835938 0.691406 0.892578 0.691406 0.892578 0.885742 0.835938 0.885742
1 0.896484 0.694336 0.957031 0.694336 0.957031 0.886719 0.896484 0.886719
1 0.709961 0.692383 0.768555 0.692383 0.768555 0.880859 0.709961 0.880859
1 0.581055 0.693359 0.644531 0.693359 0.644531 0.880859 0.581055 0.880859
0 0.833984 0.094727 0.891602 0.094727 0.891602 0.281250 0.833984 0.281250
0 0.893555 0.096680 0.953125 0.096680 0.953125 0.278320 0.893555 0.278320
