1 0.128906 0.601562 0.087891 0.774414 0.153320 0.788086 0.189453 0.612305
1 0.125977 0.616211 0.076172 0.603516 0.020508 0.759766 0.085938 0.770508
1 0.249023 0.625000 0.191406 0.614258 0.155273 0.774414 0.220703 0.790039
1 0.223633 0.761719 0.292969 0.775391 0.314453 0.614258 0.255859 0.603516
1 0.290039 0.759766 0.370117 0.770508 0.386719 0.621094 0.317383 0.613281
1 0.380859 0.615234 0.376953 0.764648 0.447266 0.765625 0.445312 0.617188
1 0.446289 0.752930 0.513672 0.751953 0.510742 0.617188 0.446289 0.617188
1 0.510742 0.750000 0.581055 0.748047 0.572266 0.620117 0.510742 0.619141
1 0.577148 0.748047 0.650391 0.749023 0.634766 0.622070 0.576172 0.619141
1 0.648438 0.748047 0.722656 0.749023 0.696289 0.615234 0.637695 0.611328
1 0.723633 0.756836 0.793945 0.756836 0.762695 0.619141 0.697266 0.619141
1 0.827148 0.620117 0.761719 0.621094 0.791016 0.756836 0.856445 0.751953
1 0.856445 0.754883 0.930664 0.748047 0.891602 0.614258 0.827148 0.619141
1 0.991211 0.748047 0.949219 0.613281 0.895508 0.619141 0.932617 0.749023
0 0.451172 0.441406 0.394531 0.437500 0.387695 0.558594 0.444336 0.562500
1 0.446289 0.561523 0.502930 0.561523 0.506836 0.436523 0.448242 0.436523
1 0.563477 0.438477 0.509766 0.438477 0.505859 0.564453 0.571289 0.564453
0 0.568359 0.561523 0.630859 0.558594 0.619141 0.434570 0.560547 0.435547
0 0.669922 0.436523 0.622070 0.441406 0.632812 0.558594 0.693359 0.551758
1 0.755859 0.554688 0.729492 0.438477 0.671875 0.438477 0.693359 0.560547
1 0.814453 0.548828 0.786133 0.430664 0.729492 0.432617 0.758789 0.560547
1 0.823242 0.557617 0.873047 0.550781 0.839844 0.434570 0.792969 0.441406
1 0.929688 0.545898 0.991211 0.545898 0.949219 0.427734 0.889648 0.438477
1 0.332031 0.443359 0.283203 0.439453 0.254883 0.560547 0.313477 0.566406
1 0.221680 0.443359 0.163086 0.434570 0.135742 0.566406 0.198242 0.575195
1 0.081055 0.555664 0.127930 0.564453 0.161133 0.440430 0.107422 0.430664
1 0.356445 0.202148 0.350586 0.298828 0.406250 0.294922 0.405273 0.198242
1 0.451172 0.292969 0.455078 0.196289 0.410156 0.197266 0.405273 0.291992
1 0.463867 0.191406 0.458008 0.287109 0.499023 0.286133 0.501953 0.193359
1 0.547852 0.286133 0.548828 0.195312 0.505859 0.193359 0.500000 0.286133
1 0.550781 0.196289 0.549805 0.287109 0.600586 0.287109 0.595703 0.195312
1 0.601562 0.277344 0.646484 0.278320 0.637695 0.188477 0.591797 0.191406
1 0.819336 0.186523 0.776367 0.191406 0.799805 0.291016 0.843750 0.280273
1 0.838867 0.275391 0.886719 0.266602 0.862305 0.188477 0.818359 0.194336
1 0.890625 0.287109 0.940430 0.277344 0.901367 0.191406 0.861328 0.199219
1 0.954102 0.291016 0.995117 0.277344 0.956055 0.191406 0.912109 0.207031
1 0.059570 0.293945 0.111328 0.297852 0.132812 0.227539 0.082031 0.221680
1 0.295898 0.301758 0.352539 0.300781 0.357422 0.220703 0.311523 0.219727
0 0.276367 0.452148 0.220703 0.449219 0.199219 0.557617 0.255859 0.563477
0 0.107422 0.460938 0.060547 0.457031 0.021484 0.542969 0.081055 0.554688
0 0.175781 0.231445 0.136719 0.227539 0.108398 0.296875 0.156250 0.305664
0 0.183594 0.225586 0.160156 0.303711 0.198242 0.305664 0.219727 0.227539
0 0.269531 0.222656 0.227539 0.218750 0.198242 0.301758 0.250977 0.309570
0 0.256836 0.302734 0.293945 0.304688 0.308594 0.222656 0.272461 0.217773
0 0.640625 0.210938 0.647461 0.284180 0.698242 0.279297 0.683594 0.204102
0 0.726562 0.207031 0.683594 0.209961 0.695312 0.283203 0.743164 0.279297
0 0.776367 0.209961 0.727539 0.210938 0.743164 0.278320 0.798828 0.278320
0 0.723633 0.173828 0.766602 0.169922 0.749023 0.107422 0.702148 0.110352
1 0.708008 0.106445 0.666016 0.107422 0.672852 0.188477 0.721680 0.182617
1 0.772461 0.175781 0.805664 0.174805 0.791992 0.106445 0.755859 0.107422
0 0.828125 0.105469 0.789062 0.108398 0.807617 0.184570 0.852539 0.175781
0 0.869141 0.100586 0.833984 0.102539 0.855469 0.180664 0.893555 0.175781
1 0.898438 0.175781 0.938477 0.170898 0.915039 0.103516 0.869141 0.105469
0 0.875977 0.550781 0.925781 0.546875 0.892578 0.437500 0.842773 0.445312
