1 0.137363 0.224615 0.109890 0.300000 0.153846 0.298462 0.178022 0.226154
1 0.153846 0.298462 0.205495 0.295385 0.222078 0.223636 0.175824 0.226154
1 0.265584 0.222727 0.222228 0.222517 0.206494 0.293636 0.250649 0.292727
1 0.250000 0.293636 0.300649 0.291818 0.311039 0.220000 0.265584 0.222727
1 0.300000 0.293636 0.350000 0.292727 0.357792 0.217273 0.309740 0.219091
1 0.357143 0.218182 0.347403 0.294545 0.403247 0.293636 0.409740 0.215455
1 0.456494 0.212727 0.409740 0.215455 0.401948 0.292727 0.453247 0.290909
1 0.501948 0.214545 0.455195 0.217273 0.453896 0.290909 0.503247 0.288182
1 0.501948 0.214545 0.503247 0.288182 0.551948 0.284545 0.549351 0.215455
1 0.551948 0.284545 0.600000 0.284545 0.594156 0.213636 0.548701 0.216364
1 0.598701 0.280909 0.649351 0.280000 0.637662 0.210909 0.592857 0.212727
0 0.743506 0.280000 0.726623 0.209091 0.681818 0.210000 0.692857 0.281818
0 0.692208 0.280909 0.681169 0.210000 0.638312 0.211818 0.648701 0.282727
0 0.773377 0.209091 0.728571 0.209091 0.743506 0.280909 0.792208 0.280909
1 0.772727 0.209091 0.790909 0.280000 0.840260 0.279091 0.818831 0.209091
1 0.818831 0.209091 0.840260 0.280000 0.886364 0.280000 0.859091 0.210909
1 0.904545 0.211818 0.859091 0.210909 0.886364 0.278182 0.936364 0.280000
1 0.059740 0.449091 0.020130 0.561818 0.081818 0.560000 0.113636 0.448182
1 0.114935 0.446364 0.083117 0.560909 0.143506 0.560000 0.169481 0.446364
1 0.197403 0.560000 0.222078 0.445455 0.170779 0.446364 0.144805 0.559091
0 0.198052 0.559091 0.254545 0.558182 0.275325 0.446364 0.221429 0.447273
1 0.275974 0.447273 0.254545 0.559091 0.317532 0.557273 0.333117 0.448182
0 0.394156 0.441818 0.385065 0.558182 0.446104 0.558182 0.451299 0.440000
1 0.451299 0.440000 0.445455 0.558182 0.507143 0.556364 0.506494 0.440000
1 0.505844 0.440909 0.507143 0.556364 0.568831 0.554545 0.561039 0.440909
0 0.561039 0.440909 0.568182 0.552727 0.629221 0.550000 0.615584 0.438182
0 0.615584 0.438182 0.627273 0.550000 0.690909 0.550909 0.671429 0.440000
1 0.671429 0.440000 0.688961 0.557273 0.753896 0.557273 0.729870 0.440000
1 0.752597 0.553636 0.812987 0.552727 0.783766 0.440000 0.731818 0.440000
1 0.785065 0.438182 0.811688 0.555455 0.872727 0.551818 0.840260 0.439091
0 0.871429 0.555455 0.929870 0.550909 0.890909 0.437273 0.838961 0.438182
1 0.823377 0.607273 0.759091 0.609091 0.787013 0.753636 0.856494 0.744545
1 0.720130 0.760000 0.787013 0.758182 0.758442 0.610909 0.698052 0.610000
1 0.648701 0.752727 0.718182 0.748182 0.697403 0.605455 0.633117 0.607273
1 0.634416 0.607273 0.570779 0.610909 0.579870 0.758182 0.650000 0.750909
1 0.507792 0.614545 0.512987 0.764545 0.578571 0.761818 0.572078 0.612727
1 0.374026 0.761818 0.380519 0.610000 0.311039 0.607273 0.297403 0.763636
1 0.224026 0.764545 0.297403 0.763636 0.311039 0.611818 0.250000 0.611818
1 0.248701 0.614545 0.185065 0.614545 0.156494 0.766364 0.224675 0.764545
1 0.088312 0.770000 0.158442 0.768182 0.187013 0.615455 0.126623 0.616364
0 0.704545 0.105455 0.719481 0.175455 0.762987 0.173636 0.744805 0.105455
1 0.762987 0.173636 0.807792 0.170909 0.787013 0.104545 0.745455 0.105455
0 0.807143 0.172727 0.848701 0.171818 0.827922 0.107273 0.788312 0.106364
0 0.870779 0.108182 0.827273 0.108182 0.849351 0.170909 0.893506 0.171818
