1 0.393066 0.242920 0.443848 0.242920 0.443848 0.393799 0.393066 0.393799
1 0.245117 0.567383 0.295898 0.567383 0.295898 0.725586 0.245117 0.725586
1 0.097656 0.243896 0.143555 0.243896 0.143555 0.389893 0.097656 0.389893
1 0.195312 0.242920 0.245117 0.242920 0.245117 0.389893 0.195312 0.389893
1 0.341309 0.242920 0.391113 0.242920 0.391113 0.393799 0.341309 0.393799
1 0.392578 0.741211 0.441406 0.741211 0.441406 0.904297 0.392578 0.904297
1 0.293457 0.742432 0.343262 0.742432 0.343262 0.908936 0.293457 0.908936
1 0.192383 0.571289 0.243164 0.571289 0.243164 0.725586 0.192383 0.725586
1 0.543945 0.745117 0.589844 0.745117 0.589844 0.906250 0.543945 0.906250
0 0.295166 0.568359 0.344482 0.568359 0.344482 0.725586 0.295166 0.725586
1 0.242188 0.245117 0.292969 0.245117 0.292969 0.392578 0.242188 0.392578
1 0.095703 0.569336 0.147461 0.569336 0.147461 0.722656 0.095703 0.722656
1 0.097656 0.741211 0.145508 0.741211 0.145508 0.909180 0.097656 0.909180
1 0.146484 0.742188 0.194336 0.742188 0.194336 0.910156 0.146484 0.910156
1 0.194336 0.742188 0.243164 0.742188 0.243164 0.911133 0.194336 0.911133
1 0.242188 0.743164 0.292969 0.743164 0.292969 0.911133 0.242188 0.911133
0 0.150391 0.571289 0.191406 0.571289 0.191406 0.718750 0.150391 0.718750
0 0.346680 0.569336 0.389648 0.569336 0.389648 0.722656 0.346680 0.722656
0 0.390625 0.569336 0.442383 0.569336 0.442383 0.722656 0.390625 0.722656
0 0.442383 0.569336 0.492188 0.569336 0.492188 0.722656 0.442383 0.722656
0 0.492188 0.569336 0.538086 0.569336 0.538086 0.721680 0.492188 0.721680
0 0.540039 0.572266 0.586914 0.572266 0.586914 0.723633 0.540039 0.723633
0 0.587891 0.572266 0.637695 0.572266 0.637695 0.721680 0.587891 0.721680
0 0.640625 0.572266 0.688477 0.572266 0.688477 0.722656 0.640625 0.722656
0 0.689453 0.573242 0.740234 0.573242 0.740234 0.723633 0.689453 0.723633
0 0.740234 0.573242 0.786133 0.573242 0.786133 0.723633 0.740234 0.723633
0 0.786133 0.573242 0.838867 0.573242 0.838867 0.725586 0.786133 0.725586
0 0.838867 0.570312 0.888672 0.570312 0.888672 0.725586 0.838867 0.725586
0 0.888672 0.570312 0.940430 0.570312 0.940430 0.724609 0.888672 0.724609
0 0.889648 0.745117 0.943359 0.745117 0.943359 0.909180 0.889648 0.909180
0 0.838867 0.745117 0.889648 0.745117 0.889648 0.909180 0.838867 0.909180
0 0.786133 0.747070 0.838867 0.747070 0.838867 0.903320 0.786133 0.903320
0 0.742188 0.746094 0.786133 0.746094 0.786133 0.903320 0.742188 0.903320
0 0.688477 0.746094 0.742188 0.746094 0.742188 0.901367 0.688477 0.901367
0 0.639648 0.745117 0.688477 0.745117 0.688477 0.901367 0.639648 0.901367
0 0.589844 0.745117 0.639648 0.745117 0.639648 0.901367 0.589844 0.901367
0 0.490234 0.747070 0.541016 0.747070 0.541016 0.902344 0.490234 0.902344
1 0.448242 0.741211 0.490234 0.741211 0.490234 0.902344 0.448242 0.902344
0 0.344727 0.742188 0.393555 0.742188 0.393555 0.908203 0.344727 0.908203
0 0.292969 0.242188 0.340820 0.242188 0.340820 0.391602 0.292969 0.391602
0 0.143555 0.244141 0.197266 0.244141 0.197266 0.388672 0.143555 0.388672
0 0.445312 0.243164 0.489258 0.243164 0.489258 0.392578 0.445312 0.392578
0 0.491211 0.246094 0.540039 0.246094 0.540039 0.392578 0.491211 0.392578
0 0.540039 0.245117 0.588867 0.245117 0.588867 0.392578 0.540039 0.392578
0 0.588867 0.245117 0.636719 0.245117 0.636719 0.392578 0.588867 0.392578
0 0.637695 0.242188 0.689453 0.242188 0.689453 0.391602 0.637695 0.391602
0 0.689453 0.242188 0.737305 0.242188 0.737305 0.391602 0.689453 0.391602
0 0.737305 0.238281 0.789062 0.238281 0.789062 0.391602 0.737305 0.391602
0 0.790039 0.240234 0.837891 0.240234 0.837891 0.389648 0.790039 0.389648
0 0.837891 0.239258 0.885742 0.239258 0.885742 0.389648 0.837891 0.389648
0 0.885742 0.239258 0.936523 0.239258 0.936523 0.387695 0.885742 0.387695
0 0.887695 0.059570 0.939453 0.059570 0.939453 0.213867 0.887695 0.213867
0 0.834961 0.059570 0.887695 0.059570 0.887695 0.220703 0.834961 0.220703
0 0.791016 0.063477 0.834961 0.063477 0.834961 0.220703 0.791016 0.220703
0 0.738281 0.063477 0.791016 0.063477 0.791016 0.217773 0.738281 0.217773
0 0.689453 0.065430 0.738281 0.065430 0.738281 0.217773 0.689453 0.217773
0 0.638672 0.065430 0.689453 0.065430 0.689453 0.220703 0.638672 0.220703
0 0.586914 0.067383 0.638672 0.067383 0.638672 0.220703 0.586914 0.220703
0 0.541992 0.067383 0.586914 0.067383 0.586914 0.215820 0.541992 0.215820
0 0.497070 0.065430 0.541992 0.065430 0.541992 0.215820 0.497070 0.215820
0 0.443359 0.065430 0.497070 0.065430 0.497070 0.219727 0.443359 0.219727
0 0.394531 0.069336 0.443359 0.069336 0.443359 0.219727 0.394531 0.219727
0 0.341797 0.069336 0.394531 0.069336 0.394531 0.224609 0.341797 0.224609
0 0.298828 0.070312 0.341797 0.070312 0.341797 0.224609 0.298828 0.224609
0 0.249023 0.071289 0.295898 0.071289 0.295898 0.221680 0.249023 0.221680
0 0.200195 0.074219 0.250977 0.074219 0.250977 0.221680 0.200195 0.221680
0 0.146484 0.074219 0.200195 0.074219 0.200195 0.221680 0.146484 0.221680
0 0.094727 0.074219 0.146484 0.074219 0.146484 0.220703 0.094727 0.220703
