0 0.890137 0.568848 0.939941 0.568848 0.939941 0.727051 0.890137 0.727051
0 0.839355 0.568848 0.890137 0.568848 0.890137 0.727051 0.839355 0.727051
0 0.788574 0.569092 0.839355 0.569092 0.839355 0.724854 0.788574 0.724854
0 0.739502 0.571045 0.788818 0.571045 0.788818 0.724854 0.739502 0.724854
0 0.690674 0.571045 0.739014 0.571045 0.739014 0.724854 0.690674 0.724854
0 0.638428 0.571045 0.690674 0.571045 0.690674 0.724854 0.638428 0.724854
0 0.588867 0.570068 0.638672 0.570068 0.638672 0.723877 0.588867 0.723877
0 0.540283 0.569092 0.588623 0.569092 0.588623 0.723877 0.540283 0.723877
0 0.495850 0.569092 0.540283 0.569092 0.540283 0.723877 0.495850 0.723877
0 0.441895 0.569092 0.495605 0.569092 0.495605 0.723877 0.441895 0.723877
0 0.390869 0.569092 0.442139 0.569092 0.442139 0.722900 0.390869 0.722900
0 0.344727 0.569092 0.390625 0.569092 0.390625 0.722900 0.344727 0.722900
0 0.291504 0.570068 0.345215 0.570068 0.345215 0.723877 0.291504 0.723877
1 0.244385 0.571045 0.292725 0.571045 0.292725 0.720947 0.244385 0.720947
1 0.195068 0.570068 0.243408 0.570068 0.243408 0.720947 0.195068 0.720947
0 0.146240 0.570068 0.194580 0.570068 0.194580 0.720947 0.146240 0.720947
1 0.097900 0.570068 0.146240 0.570068 0.146240 0.720947 0.097900 0.720947
0 0.889160 0.745117 0.941895 0.745117 0.941895 0.905273 0.889160 0.905273
0 0.839355 0.746094 0.889160 0.746094 0.889160 0.905273 0.839355 0.905273
0 0.786865 0.746094 0.839111 0.746094 0.839111 0.907227 0.786865 0.907227
0 0.739258 0.747070 0.787109 0.747070 0.787109 0.906250 0.739258 0.906250
0 0.686768 0.747070 0.739014 0.747070 0.739014 0.904297 0.686768 0.904297
0 0.636963 0.748291 0.688232 0.748291 0.688232 0.903076 0.636963 0.903076
0 0.589600 0.746094 0.636963 0.746094 0.636963 0.903320 0.589600 0.903320
1 0.540039 0.746094 0.589844 0.746094 0.589844 0.903320 0.540039 0.903320
0 0.489258 0.745361 0.540039 0.745361 0.540039 0.901123 0.489258 0.901123
1 0.441162 0.743164 0.487549 0.743164 0.487549 0.904297 0.441162 0.904297
1 0.389404 0.740723 0.440674 0.740723 0.440674 0.900879 0.389404 0.900879
0 0.343506 0.742188 0.389893 0.742188 0.389893 0.904297 0.343506 0.904297
1 0.290039 0.741699 0.343750 0.741699 0.343750 0.902832 0.290039 0.902832
1 0.242920 0.741699 0.290283 0.741699 0.290283 0.902832 0.242920 0.902832
1 0.194580 0.742188 0.242920 0.742188 0.242920 0.907227 0.194580 0.907227
1 0.147217 0.741211 0.194580 0.741211 0.194580 0.907227 0.147217 0.907227
1 0.094238 0.741211 0.146973 0.741211 0.146973 0.906250 0.094238 0.906250
0 0.884766 0.239014 0.937500 0.239014 0.937500 0.390869 0.884766 0.390869
0 0.835205 0.238037 0.884521 0.238037 0.884521 0.390869 0.835205 0.390869
0 0.786865 0.238037 0.835205 0.238037 0.835205 0.391846 0.786865 0.391846
0 0.735840 0.237061 0.786621 0.237061 0.786621 0.391846 0.735840 0.391846
0 0.689941 0.239014 0.735840 0.239014 0.735840 0.391846 0.689941 0.391846
0 0.638916 0.241943 0.690186 0.241943 0.690186 0.391846 0.638916 0.391846
0 0.584961 0.241943 0.638672 0.241943 0.638672 0.393799 0.584961 0.393799
0 0.538818 0.239990 0.585205 0.239990 0.585205 0.393799 0.538818 0.393799
0 0.490479 0.239990 0.538818 0.239990 0.538818 0.391846 0.490479 0.391846
0 0.441650 0.241943 0.489990 0.241943 0.489990 0.391846 0.441650 0.391846
1 0.388672 0.241943 0.441406 0.241943 0.441406 0.392822 0.388672 0.392822
1 0.341553 0.243896 0.388916 0.243896 0.388916 0.392822 0.341553 0.392822
0 0.295898 0.243896 0.341797 0.243896 0.341797 0.392822 0.295898 0.392822
1 0.243164 0.242920 0.295898 0.242920 0.295898 0.392822 0.243164 0.392822
1 0.197266 0.242920 0.243164 0.242920 0.243164 0.393799 0.197266 0.393799
0 0.146484 0.244873 0.197266 0.244873 0.197266 0.393799 0.146484 0.393799
1 0.098633 0.244873 0.146484 0.244873 0.146484 0.393799 0.098633 0.393799
0 0.098389 0.074463 0.147705 0.074463 0.147705 0.221436 0.098389 0.221436
0 0.147949 0.074463 0.198730 0.074463 0.198730 0.221436 0.147949 0.221436
0 0.198486 0.074463 0.244873 0.074463 0.244873 0.221436 0.198486 0.221436
0 0.246582 0.074463 0.296387 0.074463 0.296387 0.220459 0.246582 0.220459
0 0.296143 0.074463 0.343506 0.074463 0.343506 0.220459 0.296143 0.220459
0 0.343750 0.077881 0.393555 0.077881 0.393555 0.220947 0.343750 0.220947
0 0.393799 0.077881 0.440186 0.077881 0.440186 0.222900 0.393799 0.222900
0 0.439941 0.071533 0.493652 0.071533 0.493652 0.222412 0.439941 0.222412
0 0.493408 0.071533 0.539795 0.071533 0.539795 0.220459 0.493408 0.220459
0 0.540771 0.069580 0.587158 0.069580 0.587158 0.220459 0.540771 0.220459
0 0.587891 0.071533 0.637695 0.071533 0.637695 0.219482 0.587891 0.219482
0 0.638184 0.069580 0.690918 0.069580 0.690918 0.219482 0.638184 0.219482
0 0.690674 0.069580 0.737061 0.069580 0.737061 0.219482 0.690674 0.219482
0 0.737061 0.065674 0.788330 0.065674 0.788330 0.219482 0.737061 0.219482
0 0.788574 0.065674 0.836426 0.065674 0.836426 0.219482 0.788574 0.219482
0 0.836426 0.063721 0.884277 0.063721 0.884277 0.219482 0.836426 0.219482
0 0.884521 0.063721 0.935791 0.063721 0.935791 0.219482 0.884521 0.219482
