1 0.173584 0.490967 0.231689 0.490967 0.231689 0.584229 0.173584 0.584229
1 0.652344 0.589600 0.713867 0.589600 0.713867 0.677002 0.652344 0.677002
1 0.234375 0.780518 0.290039 0.780518 0.290039 0.867920 0.234375 0.867920
1 0.114014 0.584717 0.171143 0.584717 0.171143 0.678955 0.114014 0.678955
1 0.293945 0.586670 0.351562 0.586670 0.351562 0.676025 0.293945 0.676025
1 0.293945 0.491943 0.353516 0.491943 0.353516 0.587158 0.293945 0.587158
0 0.354004 0.588135 0.416504 0.588135 0.416504 0.670654 0.354004 0.670654
0 0.353516 0.782471 0.410156 0.782471 0.410156 0.867920 0.353516 0.867920
0 0.231934 0.586182 0.292480 0.586182 0.292480 0.680420 0.231934 0.680420
0 0.415527 0.588135 0.469238 0.588135 0.469238 0.670654 0.415527 0.670654
0 0.292480 0.781982 0.349121 0.781982 0.349121 0.866455 0.292480 0.866455
0 0.540527 0.784424 0.594238 0.784424 0.594238 0.867920 0.540527 0.867920
0 0.414551 0.781982 0.471191 0.781982 0.471191 0.867432 0.414551 0.867432
1 0.000000 0.041016 0.057617 0.041016 0.057617 0.119141 0.000000 0.119141
0 0.059570 0.041016 0.119141 0.041016 0.119141 0.120117 0.059570 0.120117
0 0.118164 0.041016 0.175781 0.041016 0.175781 0.120117 0.118164 0.120117
0 0.175781 0.042969 0.234375 0.042969 0.234375 0.120117 0.175781 0.120117
0 0.235352 0.041992 0.294922 0.041992 0.294922 0.124023 0.235352 0.124023
0 0.292969 0.041016 0.353516 0.041016 0.353516 0.122070 0.292969 0.122070
0 0.353516 0.042969 0.414062 0.042969 0.414062 0.124023 0.353516 0.124023
0 0.414062 0.041992 0.473633 0.041992 0.473633 0.124023 0.414062 0.124023
0 0.472656 0.042969 0.528320 0.042969 0.528320 0.123047 0.472656 0.123047
1 0.531250 0.043945 0.591797 0.043945 0.591797 0.125977 0.531250 0.125977
0 0.594727 0.042969 0.650391 0.042969 0.650391 0.125000 0.594727 0.125000
1 0.052734 0.311523 0.114258 0.311523 0.114258 0.393555 0.052734 0.393555
1 0.297852 0.231445 0.355469 0.231445 0.355469 0.313477 0.297852 0.313477
1 0.830078 0.043945 0.885742 0.043945 0.885742 0.128906 0.830078 0.128906
1 0.889648 0.233398 0.950195 0.233398 0.950195 0.313477 0.889648 0.313477
1 0.828125 0.321289 0.890625 0.321289 0.890625 0.402344 0.828125 0.402344
1 0.774414 0.318359 0.828125 0.318359 0.828125 0.402344 0.774414 0.402344
1 0.710938 0.318359 0.774414 0.318359 0.774414 0.405273 0.710938 0.405273
1 0.654297 0.317383 0.710938 0.317383 0.710938 0.405273 0.654297 0.405273
1 0.053711 0.495117 0.113281 0.495117 0.113281 0.582031 0.053711 0.582031
1 0.000000 0.590820 0.057617 0.590820 0.057617 0.680664 0.000000 0.680664
1 0.354492 0.492188 0.416992 0.492188 0.416992 0.586914 0.354492 0.586914
1 0.416016 0.487305 0.469727 0.487305 0.469727 0.585938 0.416016 0.585938
1 0.469727 0.487305 0.528320 0.487305 0.528320 0.585938 0.469727 0.585938
1 0.528320 0.484375 0.590820 0.484375 0.590820 0.585938 0.528320 0.585938
1 0.469727 0.588867 0.525391 0.588867 0.525391 0.675781 0.469727 0.675781
1 0.528320 0.586914 0.593750 0.586914 0.593750 0.675781 0.528320 0.675781
1 0.652344 0.487305 0.710938 0.487305 0.710938 0.588867 0.652344 0.588867
1 0.774414 0.484375 0.833984 0.484375 0.833984 0.587891 0.774414 0.587891
1 0.836914 0.486328 0.891602 0.486328 0.891602 0.586914 0.836914 0.586914
1 0.891602 0.487305 0.951172 0.487305 0.951172 0.586914 0.891602 0.586914
1 0.772461 0.589844 0.833984 0.589844 0.833984 0.674805 0.772461 0.674805
1 0.833984 0.587891 0.891602 0.587891 0.891602 0.674805 0.833984 0.674805
1 0.891602 0.587891 0.951172 0.587891 0.951172 0.675781 0.891602 0.675781
1 0.051758 0.781250 0.114258 0.781250 0.114258 0.869141 0.051758 0.869141
1 0.048828 0.870117 0.114258 0.870117 0.114258 0.957031 0.048828 0.957031
1 0.114258 0.869141 0.168945 0.869141 0.168945 0.958008 0.114258 0.958008
1 0.234375 0.867188 0.291992 0.867188 0.291992 0.958984 0.234375 0.958984
1 0.291992 0.869141 0.349609 0.869141 0.349609 0.958984 0.291992 0.958984
1 0.349609 0.869141 0.409180 0.869141 0.409180 0.957031 0.349609 0.957031
1 0.410156 0.873047 0.470703 0.873047 0.470703 0.956055 0.410156 0.956055
1 0.474609 0.782227 0.536133 0.782227 0.536133 0.870117 0.474609 0.870117
1 0.472656 0.871094 0.533203 0.871094 0.533203 0.956055 0.472656 0.956055
1 0.535156 0.871094 0.594727 0.871094 0.594727 0.958984 0.535156 0.958984
1 0.594727 0.871094 0.657227 0.871094 0.657227 0.958984 0.594727 0.958984
1 0.657227 0.872070 0.714844 0.872070 0.714844 0.958008 0.657227 0.958008
1 0.716797 0.872070 0.776367 0.872070 0.776367 0.958984 0.716797 0.958984
1 0.776367 0.873047 0.833008 0.873047 0.833008 0.958984 0.776367 0.958984
1 0.834961 0.871094 0.896484 0.871094 0.896484 0.958984 0.834961 0.958984
1 0.898438 0.871094 0.958984 0.871094 0.958984 0.958984 0.898438 0.958984
1 0.897461 0.779297 0.958984 0.779297 0.958984 0.869141 0.897461 0.869141
1 0.833008 0.780273 0.896484 0.780273 0.896484 0.872070 0.833008 0.872070
1 0.777344 0.783203 0.833008 0.783203 0.833008 0.872070 0.777344 0.872070
1 0.716797 0.783203 0.777344 0.783203 0.777344 0.872070 0.716797 0.872070
1 0.659180 0.783203 0.716797 0.783203 0.716797 0.872070 0.659180 0.872070
1 0.594727 0.783203 0.659180 0.783203 0.659180 0.869141 0.594727 0.869141
0 0.650391 0.043945 0.710938 0.043945 0.710938 0.125977 0.650391 0.125977
0 0.710938 0.042969 0.766602 0.042969 0.766602 0.126953 0.710938 0.126953
0 0.766602 0.042969 0.829102 0.042969 0.829102 0.126953 0.766602 0.126953
0 0.885742 0.042969 0.944336 0.042969 0.944336 0.127930 0.885742 0.127930
0 0.052734 0.234375 0.117188 0.234375 0.117188 0.307617 0.052734 0.307617
0 0.000000 0.234375 0.050781 0.234375 0.050781 0.307617 0.000000 0.307617
0 0.000000 0.310547 0.049805 0.310547 0.049805 0.390625 0.000000 0.390625
0 0.118164 0.311523 0.177734 0.311523 0.177734 0.395508 0.118164 0.395508
0 0.117188 0.231445 0.174805 0.231445 0.174805 0.311523 0.117188 0.311523
0 0.174805 0.231445 0.236328 0.231445 0.236328 0.314453 0.174805 0.314453
0 0.236328 0.229492 0.294922 0.229492 0.294922 0.314453 0.236328 0.314453
0 0.356445 0.231445 0.413086 0.231445 0.413086 0.316406 0.356445 0.316406
0 0.414062 0.231445 0.473633 0.231445 0.473633 0.316406 0.414062 0.316406
0 0.473633 0.231445 0.530273 0.231445 0.530273 0.315430 0.473633 0.315430
0 0.530273 0.232422 0.591797 0.232422 0.591797 0.315430 0.530273 0.315430
0 0.591797 0.232422 0.649414 0.232422 0.649414 0.315430 0.591797 0.315430
0 0.649414 0.236328 0.709961 0.236328 0.709961 0.315430 0.649414 0.315430
0 0.709961 0.236328 0.770508 0.236328 0.770508 0.313477 0.709961 0.313477
0 0.768555 0.234375 0.831055 0.234375 0.831055 0.316406 0.768555 0.316406
0 0.833008 0.235352 0.887695 0.235352 0.887695 0.314453 0.833008 0.314453
0 0.893555 0.318359 0.954102 0.318359 0.954102 0.402344 0.893555 0.402344
0 0.595703 0.316406 0.654297 0.316406 0.654297 0.399414 0.595703 0.399414
0 0.534180 0.316406 0.593750 0.316406 0.593750 0.398438 0.534180 0.398438
0 0.178711 0.317383 0.235352 0.317383 0.235352 0.394531 0.178711 0.394531
0 0.235352 0.317383 0.294922 0.317383 0.294922 0.393555 0.235352 0.393555
0 0.296875 0.317383 0.355469 0.317383 0.355469 0.394531 0.296875 0.394531
0 0.355469 0.316406 0.413086 0.316406 0.413086 0.394531 0.355469 0.394531
0 0.413086 0.315430 0.471680 0.315430 0.471680 0.392578 0.413086 0.392578
0 0.472656 0.315430 0.534180 0.315430 0.534180 0.392578 0.472656 0.392578
0 0.000000 0.495117 0.054688 0.495117 0.054688 0.584961 0.000000 0.584961
0 0.117188 0.495117 0.169922 0.495117 0.169922 0.583984 0.117188 0.583984
0 0.058594 0.586914 0.112305 0.586914 0.112305 0.676758 0.058594 0.676758
0 0.231445 0.492188 0.292969 0.492188 0.292969 0.583008 0.231445 0.583008
0 0.172852 0.587891 0.231445 0.587891 0.231445 0.674805 0.172852 0.674805
0 0.594727 0.485352 0.653320 0.485352 0.653320 0.587891 0.594727 0.587891
0 0.595703 0.587891 0.653320 0.587891 0.653320 0.678711 0.595703 0.678711
0 0.721680 0.588867 0.771484 0.588867 0.771484 0.671875 0.721680 0.671875
0 0.718750 0.486328 0.771484 0.486328 0.771484 0.588867 0.718750 0.588867
0 0.115234 0.782227 0.169922 0.782227 0.169922 0.867188 0.115234 0.867188
0 0.170898 0.784180 0.231445 0.784180 0.231445 0.864258 0.170898 0.864258
0 0.172852 0.867188 0.234375 0.867188 0.234375 0.955078 0.172852 0.955078
0 0.000000 0.783203 0.050781 0.783203 0.050781 0.868164 0.000000 0.868164
0 0.000000 0.872070 0.049805 0.872070 0.049805 0.959961 0.000000 0.959961
