0 0.946429 0.662000 0.949286 0.423000 0.862143 0.422000 0.856429 0.659000
1 0.765000 0.656000 0.857857 0.657000 0.862857 0.422000 0.767143 0.420000
1 0.763571 0.655000 0.767857 0.421000 0.674286 0.415000 0.672857 0.650000
1 0.581429 0.415000 0.579286 0.648000 0.675000 0.652000 0.675714 0.419000
1 0.488571 0.415000 0.486429 0.645000 0.579286 0.647000 0.582143 0.416000
1 0.487857 0.413000 0.397143 0.412000 0.393571 0.645000 0.486429 0.646000
1 0.303571 0.644000 0.395000 0.645000 0.400000 0.414000 0.307143 0.410000
0 0.210714 0.640000 0.305000 0.643000 0.308571 0.404000 0.212857 0.398000
0 0.032857 0.635000 0.123571 0.640000 0.122857 0.392000 0.032143 0.388000
1 0.122857 0.392000 0.120714 0.640000 0.214286 0.642000 0.212857 0.398000
