1 0.123291 0.399658 0.207764 0.399658 0.207764 0.638428 0.123291 0.638428
1 0.584229 0.409180 0.672607 0.409180 0.672607 0.654297 0.584229 0.654297
1 0.486572 0.410889 0.582764 0.410889 0.582764 0.649658 0.486572 0.649658
1 0.395752 0.406006 0.487061 0.406006 0.487061 0.643799 0.395752 0.643799
1 0.305908 0.401123 0.395264 0.401123 0.395264 0.640869 0.305908 0.640869
1 0.765381 0.411133 0.853760 0.411133 0.853760 0.652344 0.765381 0.652344
1 0.675049 0.409912 0.763428 0.409912 0.763428 0.660400 0.675049 0.660400
0 0.211426 0.400146 0.305176 0.400146 0.305176 0.635010 0.211426 0.635010
0 0.035156 0.395752 0.113281 0.395752 0.113281 0.633545 0.035156 0.633545
0 0.859375 0.420898 0.949219 0.420898 0.949219 0.655273 0.859375 0.655273
