1 0.059570 0.175293 0.153320 0.175293 0.153320 0.450684 0.059570 0.450684
1 0.448242 0.487061 0.541016 0.487061 0.541016 0.755127 0.448242 0.755127
1 0.250000 0.483643 0.349609 0.483643 0.349609 0.758545 0.250000 0.758545
1 0.254639 0.181396 0.351807 0.181396 0.351807 0.451416 0.254639 0.451416
1 0.152100 0.481934 0.251221 0.481934 0.251221 0.761230 0.152100 0.761230
1 0.156250 0.176270 0.253906 0.176270 0.253906 0.450684 0.156250 0.450684
1 0.351562 0.188721 0.448242 0.188721 0.448242 0.451904 0.351562 0.451904
1 0.642090 0.186279 0.736816 0.186279 0.736816 0.451416 0.642090 0.451416
1 0.544922 0.186279 0.638672 0.186279 0.638672 0.452393 0.544922 0.452393
1 0.449219 0.188232 0.543945 0.188232 0.543945 0.452393 0.449219 0.452393
1 0.734863 0.185303 0.829590 0.185303 0.829590 0.453369 0.734863 0.453369
1 0.738281 0.489014 0.831055 0.489014 0.831055 0.750244 0.738281 0.750244
1 0.542969 0.488037 0.636719 0.488037 0.636719 0.756104 0.542969 0.756104
1 0.833496 0.488770 0.924316 0.488770 0.924316 0.753418 0.833496 0.753418
1 0.830811 0.184082 0.926025 0.184082 0.926025 0.455566 0.830811 0.455566
0 0.059326 0.482422 0.152588 0.482422 0.152588 0.756836 0.059326 0.756836
0 0.641113 0.488281 0.735840 0.488281 0.735840 0.750000 0.641113 0.750000
0 0.349365 0.483887 0.447510 0.483887 0.447510 0.757324 0.349365 0.757324
