1 0.059326 0.174072 0.156494 0.174072 0.156494 0.447998 0.059326 0.447998
1 0.156250 0.178955 0.254883 0.178955 0.254883 0.447998 0.156250 0.447998
1 0.255127 0.178955 0.350342 0.178955 0.350342 0.450928 0.255127 0.450928
1 0.350098 0.181885 0.447754 0.181885 0.447754 0.450928 0.350098 0.450928
1 0.447998 0.181885 0.545166 0.181885 0.545166 0.451904 0.447998 0.451904
1 0.545166 0.182861 0.641357 0.182861 0.641357 0.451904 0.545166 0.451904
1 0.641113 0.182861 0.734863 0.182861 0.734863 0.447998 0.641113 0.447998
1 0.734863 0.183838 0.830566 0.183838 0.830566 0.447998 0.734863 0.447998
1 0.830811 0.183838 0.927002 0.183838 0.927002 0.449951 0.830811 0.449951
0 0.055664 0.482178 0.153320 0.482178 0.153320 0.756104 0.055664 0.756104
1 0.155762 0.484131 0.253418 0.484131 0.253418 0.760986 0.155762 0.760986
1 0.253662 0.487061 0.348877 0.487061 0.348877 0.760986 0.253662 0.760986
0 0.349365 0.486084 0.446533 0.486084 0.446533 0.757080 0.349365 0.757080
1 0.446533 0.489990 0.542725 0.489990 0.542725 0.757080 0.446533 0.757080
1 0.542725 0.489990 0.639893 0.489990 0.639893 0.757080 0.542725 0.757080
0 0.639893 0.488037 0.737061 0.488037 0.737061 0.757080 0.639893 0.757080
1 0.736816 0.488037 0.830566 0.488037 0.830566 0.758057 0.736816 0.758057
1 0.830811 0.491943 0.926025 0.491943 0.926025 0.758057 0.830811 0.758057
