1 0.056396 0.179932 0.156494 0.179932 0.156494 0.454834 0.056396 0.454834
1 0.736084 0.182129 0.828369 0.182129 0.828369 0.452637 0.736084 0.452637
1 0.642578 0.184082 0.734375 0.184082 0.734375 0.452637 0.642578 0.452637
1 0.548828 0.184570 0.639648 0.184570 0.639648 0.454102 0.548828 0.454102
1 0.447021 0.184326 0.546143 0.184326 0.546143 0.453369 0.447021 0.453369
1 0.352295 0.182129 0.447510 0.182129 0.447510 0.455566 0.352295 0.455566
1 0.254150 0.177734 0.352295 0.177734 0.352295 0.455078 0.254150 0.455078
1 0.158447 0.180908 0.254639 0.180908 0.254639 0.454834 0.158447 0.454834
1 0.830078 0.184082 0.924805 0.184082 0.924805 0.452637 0.830078 0.452637
0 0.056641 0.483887 0.154297 0.483887 0.154297 0.758301 0.056641 0.758301
0 0.737793 0.489746 0.829590 0.489746 0.829590 0.754395 0.737793 0.754395
0 0.640625 0.487793 0.735352 0.487793 0.735352 0.752441 0.640625 0.752441
0 0.546387 0.489258 0.639160 0.489258 0.639160 0.753906 0.546387 0.753906
0 0.446777 0.488281 0.540527 0.488281 0.540527 0.755859 0.446777 0.755859
0 0.349609 0.485352 0.444336 0.485352 0.444336 0.757812 0.349609 0.757812
0 0.253418 0.482422 0.348145 0.482422 0.348145 0.759766 0.253418 0.759766
0 0.157227 0.482910 0.250977 0.482910 0.250977 0.759277 0.157227 0.759277
0 0.832031 0.490723 0.925781 0.490723 0.925781 0.755371 0.832031 0.755371
