1 0.132080 0.614014 0.204834 0.614014 0.204834 0.835205 0.132080 0.835205
1 0.350342 0.107666 0.422119 0.107666 0.422119 0.334717 0.350342 0.334717
1 0.202637 0.109375 0.277832 0.109375 0.277832 0.335938 0.202637 0.335938
1 0.497070 0.610352 0.568359 0.610352 0.568359 0.833008 0.497070 0.833008
0 0.207764 0.611328 0.277588 0.611328 0.277588 0.833984 0.207764 0.833984
0 0.423584 0.106934 0.494385 0.106934 0.494385 0.334473 0.423584 0.334473
0 0.281494 0.110840 0.346436 0.110840 0.346436 0.336426 0.281494 0.336426
0 0.424072 0.607422 0.496826 0.607422 0.496826 0.832031 0.424072 0.832031
0 0.350830 0.606445 0.421631 0.606445 0.421631 0.833008 0.350830 0.833008
0 0.282959 0.610352 0.349854 0.610352 0.349854 0.833008 0.282959 0.833008
0 0.059814 0.104492 0.132568 0.104492 0.132568 0.337891 0.059814 0.337891
0 0.133057 0.107910 0.202881 0.107910 0.202881 0.334473 0.133057 0.334473
0 0.569092 0.110107 0.640869 0.110107 0.640869 0.337158 0.569092 0.337158
0 0.496826 0.111084 0.566650 0.111084 0.566650 0.337158 0.496826 0.337158
0 0.566162 0.611328 0.639893 0.611328 0.639893 0.833008 0.566162 0.833008
0 0.059570 0.611328 0.133789 0.611328 0.133789 0.833008 0.059570 0.833008
