0 0.09765625 0.22265625 0.07373046875 0.22509765625
0 0.1689453125 0.22314453125 0.07080078125 0.22607421875
1 0.2412109375 0.22265625 0.07421875 0.22705078125
0 0.314453125 0.22265625 0.0712890625 0.22705078125
1 0.38671875 0.2236328125 0.07373046875 0.22509765625
0 0.45947265625 0.22412109375 0.072265625 0.22607421875
0 0.5322265625 0.22412109375 0.07275390625 0.22607421875
0 0.6044921875 0.22412109375 0.0712890625 0.22607421875
0 0.69384765625 0.2236328125 0.10791015625 0.22705078125
0 0.802734375 0.22314453125 0.109375 0.22607421875
0 0.802734375 0.724609375 0.111328125 0.22314453125
0 0.69384765625 0.72265625 0.1064453125 0.22705078125
0 0.60595703125 0.72314453125 0.06982421875 0.22802734375
1 0.53369140625 0.724609375 0.07421875 0.22509765625
0 0.458984375 0.72412109375 0.0751953125 0.22412109375
0 0.38623046875 0.72412109375 0.07080078125 0.22412109375
0 0.314453125 0.72314453125 0.07275390625 0.22216796875
0 0.2412109375 0.72314453125 0.07373046875 0.22216796875
1 0.16845703125 0.7236328125 0.0712890625 0.22314453125
0 0.09619140625 0.72265625 0.07275390625 0.22509765625