1 0.261719 0.577148 0.120117 0.580078 0.031250 0.850586 0.199219 0.848633
1 0.402344 0.580078 0.264648 0.580078 0.196289 0.844727 0.371094 0.853516
1 0.539062 0.568359 0.402344 0.571289 0.369141 0.841797 0.542969 0.840820
1 0.549805 0.838867 0.724609 0.831055 0.681641 0.568359 0.541992 0.570312
1 0.684570 0.566406 0.722656 0.826172 0.894531 0.824219 0.819336 0.564453
1 0.819336 0.565430 0.958008 0.557617 0.887695 0.390625 0.773438 0.393555
1 0.652344 0.398438 0.679688 0.567383 0.820312 0.565430 0.771484 0.392578
1 0.654297 0.401367 0.539062 0.401367 0.541016 0.566406 0.680664 0.563477
1 0.399414 0.572266 0.541016 0.566406 0.540039 0.396484 0.418945 0.399414
1 0.267578 0.573242 0.403320 0.569336 0.422852 0.399414 0.305664 0.398438
1 0.131836 0.576172 0.262695 0.577148 0.304688 0.397461 0.190430 0.393555
