1 0.1257142861328125 0.578 0.032857142578125 0.849 0.202142857421875 0.846 0.2642857138671875 0.58 0.1257142861328125 0.578
1 0.2635714287109375 0.577 0.202857142578125 0.846 0.3714285712890625 0.845 0.402857142578125 0.577 0.2635714287109375 0.577
1 0.5414285712890625 0.572 0.4007142861328125 0.576 0.3735714287109375 0.843 0.5457142861328125 0.837 0.5414285712890625 0.572
1 0.547142857421875 0.839 0.725 0.83 0.6807142861328125 0.568 0.5407142861328125 0.571 0.547142857421875 0.839
1 0.8207142861328125 0.565 0.6807142861328125 0.568 0.722142857421875 0.829 0.9 0.819 0.8207142861328125 0.565
1 0.5385714287109375 0.569 0.68 0.566 0.655 0.397 0.5342857138671875 0.395 0.5385714287109375 0.569
1 0.5385714287109375 0.399 0.4192857138671875 0.4 0.402142857421875 0.575 0.542142857421875 0.572 0.5385714287109375 0.399
1 0.4192857138671875 0.397 0.3064285712890625 0.398 0.2635714287109375 0.577 0.4007142861328125 0.575 0.4192857138671875 0.397
1 0.3042857138671875 0.4 0.197857142578125 0.398 0.125 0.582 0.262857142578125 0.579 0.3042857138671875 0.4
1 0.8185714287109375 0.566 0.9614285712890625 0.562 0.8864285712890625 0.393 0.7707142861328125 0.394 0.8185714287109375 0.566
1 0.6792857138671875 0.568 0.82 0.565 0.77 0.395 0.652142857421875 0.397 0.6792857138671875 0.568