0 0.10791015625 0.31103515625 0.09716796875 0.27392578125
0 0.20556640625 0.3134765625 0.0986328125 0.26904296875
0 0.302734375 0.31494140625 0.09521484375 0.27197265625
0 0.39892578125 0.31640625 0.09765625 0.26904296875
0 0.49658203125 0.31689453125 0.09716796875 0.27001953125
0 0.59326171875 0.3173828125 0.09619140625 0.26904296875
0 0.68798828125 0.3154296875 0.09375 0.26513671875
0 0.78271484375 0.31591796875 0.095703125 0.26416015625
0 0.87890625 0.31689453125 0.09619140625 0.26611328125
1 0.1044921875 0.619140625 0.09765625 0.27392578125
1 0.20458984375 0.62255859375 0.09765625 0.27685546875
1 0.30126953125 0.6240234375 0.09521484375 0.27392578125
1 0.39697265625 0.62158203125 0.09716796875 0.27099609375
1 0.49462890625 0.62353515625 0.09619140625 0.26708984375
1 0.59130859375 0.62353515625 0.09716796875 0.26708984375
1 0.6884765625 0.62255859375 0.09716796875 0.26904296875
1 0.78369140625 0.623046875 0.09375 0.27001953125
1 0.87841796875 0.625 0.09521484375 0.26611328125