1 0.057373 0.482422 0.149658 0.482422 0.149658 0.756836 0.057373 0.756836
1 0.833740 0.490234 0.925049 0.490234 0.925049 0.756836 0.833740 0.756836
1 0.735596 0.487305 0.831787 0.487305 0.831787 0.757812 0.735596 0.757812
1 0.643066 0.487305 0.733887 0.487305 0.733887 0.752930 0.643066 0.752930
1 0.545898 0.488281 0.640625 0.488281 0.640625 0.752930 0.545898 0.752930
1 0.449951 0.487793 0.542236 0.487793 0.542236 0.756348 0.449951 0.756348
1 0.349365 0.487305 0.445557 0.487305 0.445557 0.759766 0.349365 0.759766
1 0.252686 0.482910 0.348877 0.482910 0.348877 0.759277 0.252686 0.759277
1 0.152100 0.480469 0.249268 0.480469 0.249268 0.760742 0.152100 0.760742
0 0.062988 0.177979 0.155762 0.177979 0.155762 0.447998 0.062988 0.447998
0 0.546387 0.188232 0.642090 0.188232 0.642090 0.449463 0.546387 0.449463
0 0.448730 0.186279 0.544434 0.186279 0.544434 0.450439 0.448730 0.450439
0 0.352051 0.180420 0.447754 0.180420 0.447754 0.450439 0.352051 0.450439
0 0.253906 0.180420 0.353516 0.180420 0.353516 0.449463 0.253906 0.449463
0 0.157715 0.182861 0.255371 0.182861 0.255371 0.447998 0.157715 0.447998
0 0.831543 0.189209 0.925293 0.189209 0.925293 0.454346 0.831543 0.454346
0 0.735840 0.189209 0.829590 0.189209 0.829590 0.455322 0.735840 0.455322
0 0.640137 0.183838 0.736816 0.183838 0.736816 0.450928 0.640137 0.450928
