1 0.145020 0.561035 0.200684 0.561035 0.200684 0.718262 0.145020 0.718262
1 0.513428 0.232666 0.561768 0.232666 0.561768 0.385498 0.513428 0.385498
1 0.198730 0.232910 0.252441 0.232910 0.252441 0.384277 0.198730 0.384277
1 0.565186 0.556396 0.612549 0.556396 0.612549 0.722900 0.565186 0.722900
1 0.410400 0.558350 0.463623 0.558350 0.463623 0.720947 0.410400 0.720947
1 0.880371 0.553711 0.934082 0.553711 0.934082 0.723633 0.880371 0.723633
1 0.715576 0.231445 0.768799 0.231445 0.768799 0.384766 0.715576 0.384766
1 0.565918 0.058838 0.615723 0.058838 0.615723 0.233154 0.565918 0.233154
1 0.661621 0.229248 0.716309 0.229248 0.716309 0.385010 0.661621 0.385010
1 0.612305 0.555176 0.662109 0.555176 0.662109 0.724121 0.612305 0.724121
1 0.718018 0.725830 0.770264 0.725830 0.770264 0.889404 0.718018 0.889404
1 0.665283 0.726074 0.719482 0.726074 0.719482 0.891113 0.665283 0.891113
0 0.201660 0.557617 0.249512 0.557617 0.249512 0.717773 0.201660 0.717773
0 0.253174 0.719238 0.302490 0.719238 0.302490 0.878418 0.253174 0.878418
0 0.251465 0.557617 0.305176 0.557617 0.305176 0.720703 0.251465 0.720703
1 0.091797 0.560547 0.142578 0.560547 0.142578 0.715820 0.091797 0.715820
1 0.827148 0.724609 0.879883 0.724609 0.879883 0.894531 0.827148 0.894531
1 0.881836 0.727539 0.932617 0.727539 0.932617 0.897461 0.881836 0.897461
1 0.825195 0.230469 0.875000 0.230469 0.875000 0.381836 0.825195 0.381836
1 0.412109 0.063477 0.463867 0.063477 0.463867 0.231445 0.412109 0.231445
1 0.304688 0.060547 0.360352 0.060547 0.360352 0.232422 0.304688 0.232422
0 0.042969 0.058594 0.095703 0.058594 0.095703 0.232422 0.042969 0.232422
0 0.096680 0.055664 0.141602 0.055664 0.141602 0.229492 0.096680 0.229492
0 0.141602 0.055664 0.199219 0.055664 0.199219 0.230469 0.141602 0.230469
0 0.199219 0.056641 0.254883 0.056641 0.254883 0.230469 0.199219 0.230469
0 0.252930 0.056641 0.306641 0.056641 0.306641 0.230469 0.252930 0.230469
0 0.362305 0.062500 0.411133 0.062500 0.411133 0.229492 0.362305 0.229492
0 0.463867 0.063477 0.511719 0.063477 0.511719 0.231445 0.463867 0.231445
0 0.511719 0.061523 0.562500 0.061523 0.562500 0.231445 0.511719 0.231445
0 0.618164 0.060547 0.665039 0.060547 0.665039 0.231445 0.618164 0.231445
0 0.665039 0.062500 0.720703 0.062500 0.720703 0.231445 0.665039 0.231445
0 0.720703 0.062500 0.772461 0.062500 0.772461 0.229492 0.720703 0.229492
0 0.041992 0.234375 0.095703 0.234375 0.095703 0.382812 0.041992 0.382812
0 0.096680 0.234375 0.146484 0.234375 0.146484 0.379883 0.096680 0.379883
0 0.146484 0.233398 0.198242 0.233398 0.198242 0.379883 0.146484 0.379883
0 0.253906 0.235352 0.307617 0.235352 0.307617 0.378906 0.253906 0.378906
0 0.309570 0.235352 0.359375 0.235352 0.359375 0.378906 0.309570 0.378906
0 0.359375 0.235352 0.410156 0.235352 0.410156 0.378906 0.359375 0.378906
0 0.410156 0.235352 0.461914 0.235352 0.461914 0.378906 0.410156 0.378906
0 0.461914 0.235352 0.510742 0.235352 0.510742 0.381836 0.461914 0.381836
0 0.562500 0.236328 0.612305 0.236328 0.612305 0.380859 0.562500 0.380859
0 0.612305 0.234375 0.665039 0.234375 0.665039 0.380859 0.612305 0.380859
0 0.769531 0.231445 0.825195 0.231445 0.825195 0.384766 0.769531 0.384766
0 0.041992 0.556641 0.093750 0.556641 0.093750 0.715820 0.041992 0.715820
0 0.305664 0.560547 0.358398 0.560547 0.358398 0.721680 0.305664 0.721680
0 0.360352 0.562500 0.409180 0.562500 0.409180 0.717773 0.360352 0.717773
0 0.468750 0.559570 0.516602 0.559570 0.516602 0.722656 0.468750 0.722656
0 0.516602 0.559570 0.562500 0.559570 0.562500 0.720703 0.516602 0.720703
0 0.666016 0.556641 0.715820 0.556641 0.715820 0.722656 0.666016 0.722656
0 0.715820 0.556641 0.767578 0.556641 0.767578 0.723633 0.715820 0.723633
0 0.767578 0.556641 0.821289 0.556641 0.821289 0.723633 0.767578 0.723633
0 0.821289 0.556641 0.877930 0.556641 0.877930 0.721680 0.821289 0.721680
0 0.771484 0.724609 0.824219 0.724609 0.824219 0.891602 0.771484 0.891602
0 0.038086 0.720703 0.091797 0.720703 0.091797 0.875977 0.038086 0.875977
0 0.091797 0.719727 0.144531 0.719727 0.144531 0.875000 0.091797 0.875000
0 0.145508 0.719727 0.201172 0.719727 0.201172 0.876953 0.145508 0.876953
0 0.200195 0.719727 0.250977 0.719727 0.250977 0.878906 0.200195 0.878906
0 0.305664 0.721680 0.356445 0.721680 0.356445 0.876953 0.305664 0.876953
0 0.356445 0.722656 0.408203 0.722656 0.408203 0.876953 0.356445 0.876953
0 0.408203 0.722656 0.458984 0.722656 0.458984 0.884766 0.408203 0.884766
0 0.458984 0.723633 0.515625 0.723633 0.515625 0.884766 0.458984 0.884766
0 0.515625 0.723633 0.559570 0.723633 0.559570 0.885742 0.515625 0.885742
0 0.559570 0.725586 0.611328 0.725586 0.611328 0.885742 0.559570 0.885742
0 0.611328 0.725586 0.660156 0.725586 0.660156 0.885742 0.611328 0.885742
