1 0.1728515625 0.6396484375 0.0556640625 0.1572265625
1 0.53759765625 0.30908203125 0.04833984375 0.15283203125
1 0.2255859375 0.30859375 0.0537109375 0.1513671875
1 0.5888671875 0.6396484375 0.04736328125 0.16650390625
1 0.43701171875 0.6396484375 0.05322265625 0.16259765625
1 0.9072265625 0.638671875 0.0537109375 0.169921875
1 0.7421875 0.30810546875 0.05322265625 0.1533203125
1 0.5908203125 0.14599609375 0.0498046875 0.17431640625
1 0.68896484375 0.30712890625 0.0546875 0.15576171875
1 0.63720703125 0.6396484375 0.0498046875 0.1689453125
1 0.744140625 0.8076171875 0.05224609375 0.16357421875
1 0.6923828125 0.80859375 0.05419921875 0.1650390625
0 0.2255859375 0.6376953125 0.0478515625 0.16015625
0 0.27783203125 0.798828125 0.04931640625 0.1591796875
0 0.2783203125 0.63916015625 0.0537109375 0.1630859375
1 0.1171875 0.63818359375 0.05078125 0.1552734375
1 0.853515625 0.8095703125 0.052734375 0.169921875
1 0.9072265625 0.8125 0.05078125 0.169921875
1 0.85009765625 0.30615234375 0.0498046875 0.1513671875
1 0.43798828125 0.1474609375 0.0517578125 0.16796875
1 0.33251953125 0.146484375 0.0556640625 0.171875
0 0.0693359375 0.1455078125 0.052734375 0.173828125
0 0.119140625 0.142578125 0.044921875 0.173828125
0 0.17041015625 0.14306640625 0.0576171875 0.1748046875
0 0.22705078125 0.1435546875 0.0556640625 0.173828125
0 0.27978515625 0.1435546875 0.0537109375 0.173828125
0 0.38671875 0.14599609375 0.048828125 0.1669921875
0 0.48779296875 0.1474609375 0.0478515625 0.16796875
0 0.537109375 0.146484375 0.05078125 0.169921875
0 0.6416015625 0.14599609375 0.046875 0.1708984375
0 0.69287109375 0.14697265625 0.0556640625 0.1689453125
0 0.74658203125 0.14599609375 0.0517578125 0.1669921875
0 0.06884765625 0.30859375 0.0537109375 0.1484375
0 0.12158203125 0.30712890625 0.0498046875 0.1455078125
0 0.17236328125 0.306640625 0.0517578125 0.146484375
0 0.28076171875 0.30712890625 0.0537109375 0.1435546875
0 0.33447265625 0.30712890625 0.0498046875 0.1435546875
0 0.384765625 0.30712890625 0.05078125 0.1435546875
0 0.43603515625 0.30712890625 0.0517578125 0.1435546875
0 0.486328125 0.30859375 0.048828125 0.146484375
0 0.58740234375 0.30859375 0.0498046875 0.14453125
0 0.638671875 0.3076171875 0.052734375 0.146484375
0 0.79736328125 0.30810546875 0.0556640625 0.1533203125
0 0.06787109375 0.63623046875 0.0517578125 0.1591796875
0 0.33203125 0.64111328125 0.052734375 0.1611328125
0 0.384765625 0.64013671875 0.048828125 0.1552734375
0 0.49267578125 0.64111328125 0.0478515625 0.1630859375
0 0.53955078125 0.64013671875 0.0458984375 0.1611328125
0 0.69091796875 0.6396484375 0.0498046875 0.166015625
0 0.74169921875 0.64013671875 0.0517578125 0.1669921875
0 0.79443359375 0.64013671875 0.0537109375 0.1669921875
0 0.849609375 0.63916015625 0.056640625 0.1650390625
0 0.7978515625 0.80810546875 0.052734375 0.1669921875
0 0.06494140625 0.79833984375 0.0537109375 0.1552734375
0 0.1181640625 0.79736328125 0.052734375 0.1552734375
0 0.17333984375 0.79833984375 0.0556640625 0.1572265625
0 0.2255859375 0.79931640625 0.05078125 0.1591796875
0 0.3310546875 0.79931640625 0.05078125 0.1552734375
0 0.38232421875 0.7998046875 0.0517578125 0.154296875
0 0.43359375 0.8037109375 0.05078125 0.162109375
0 0.4873046875 0.80419921875 0.056640625 0.1611328125
0 0.53759765625 0.8046875 0.0439453125 0.162109375
0 0.58544921875 0.8056640625 0.0517578125 0.16015625
0 0.6357421875 0.8056640625 0.048828125 0.16015625