1 0.212891 0.259766 0.275391 0.259766 0.275391 0.497070 0.212891 0.497070
1 0.528809 0.256836 0.591309 0.256836 0.591309 0.495117 0.528809 0.495117
1 0.209961 0.527344 0.272461 0.527344 0.272461 0.761719 0.209961 0.761719
1 0.400391 0.257324 0.462891 0.257324 0.462891 0.500488 0.400391 0.500488
1 0.337891 0.258789 0.400391 0.258789 0.400391 0.498047 0.337891 0.498047
1 0.275391 0.261230 0.334961 0.261230 0.334961 0.496582 0.275391 0.496582
1 0.654785 0.263184 0.717285 0.263184 0.717285 0.495605 0.654785 0.495605
1 0.589844 0.262939 0.652344 0.262939 0.652344 0.496826 0.589844 0.496826
0 0.273926 0.526123 0.333496 0.526123 0.333496 0.764893 0.273926 0.764893
0 0.590820 0.528076 0.654297 0.528076 0.654297 0.759033 0.590820 0.759033
0 0.528809 0.526123 0.592285 0.526123 0.592285 0.761963 0.528809 0.761963
0 0.466797 0.527100 0.527344 0.527100 0.527344 0.762939 0.466797 0.762939
0 0.398438 0.527100 0.462891 0.527100 0.462891 0.764893 0.398438 0.764893
0 0.334473 0.526123 0.398926 0.526123 0.398926 0.764893 0.334473 0.764893
0 0.782227 0.529297 0.842773 0.529297 0.842773 0.760742 0.782227 0.760742
0 0.718262 0.529053 0.780762 0.529053 0.780762 0.760986 0.718262 0.760986
0 0.656738 0.531250 0.716309 0.531250 0.716309 0.756836 0.656738 0.756836
0 0.778320 0.264648 0.845703 0.264648 0.845703 0.498047 0.778320 0.498047
0 0.721680 0.264648 0.778320 0.264648 0.778320 0.496094 0.721680 0.496094
0 0.464844 0.261719 0.530273 0.261719 0.530273 0.499023 0.464844 0.499023
