1 0.209473 0.566406 0.306152 0.566406 0.306152 0.638672 0.209473 0.638672
1 0.436035 0.482910 0.527832 0.482910 0.527832 0.562012 0.436035 0.562012
1 0.438477 0.639648 0.529297 0.639648 0.529297 0.757812 0.438477 0.757812
1 0.435059 0.756348 0.531738 0.756348 0.531738 0.864746 0.435059 0.864746
1 0.838867 0.488281 0.932617 0.488281 0.932617 0.568359 0.838867 0.568359
1 0.532227 0.337646 0.628906 0.337646 0.628906 0.414307 0.532227 0.414307
1 0.533447 0.562744 0.629639 0.562744 0.629639 0.642334 0.533447 0.642334
1 0.113037 0.411133 0.208252 0.411133 0.208252 0.489258 0.113037 0.489258
1 0.441162 0.189941 0.530518 0.189941 0.530518 0.258301 0.441162 0.258301
1 0.743164 0.565674 0.840820 0.565674 0.840820 0.646240 0.743164 0.646240
1 0.744629 0.412109 0.839355 0.412109 0.839355 0.491211 0.744629 0.491211
0 0.208496 0.637207 0.304199 0.637207 0.304199 0.755371 0.208496 0.755371
0 0.207520 0.752197 0.303223 0.752197 0.303223 0.866943 0.207520 0.866943
0 0.211182 0.415771 0.305420 0.415771 0.305420 0.487549 0.211182 0.487549
0 0.843994 0.716797 0.932373 0.716797 0.932373 0.792969 0.843994 0.792969
0 0.843506 0.796143 0.933838 0.796143 0.933838 0.868896 0.843506 0.868896
0 0.207275 0.188232 0.303467 0.188232 0.303467 0.259033 0.207275 0.259033
0 0.207764 0.263672 0.302979 0.263672 0.302979 0.334961 0.207764 0.334961
0 0.208984 0.337402 0.302734 0.337402 0.302734 0.411621 0.208984 0.411621
0 0.434814 0.410889 0.529053 0.410889 0.529053 0.481689 0.434814 0.481689
0 0.115234 0.187500 0.209961 0.187500 0.209961 0.259766 0.115234 0.259766
0 0.118164 0.041992 0.207031 0.041992 0.207031 0.117188 0.118164 0.117188
0 0.208984 0.036133 0.306641 0.036133 0.306641 0.117188 0.208984 0.117188
0 0.438477 0.033203 0.535156 0.033203 0.535156 0.108398 0.438477 0.108398
0 0.437500 0.108398 0.535156 0.108398 0.535156 0.184570 0.437500 0.184570
0 0.536133 0.109375 0.625977 0.109375 0.625977 0.185547 0.536133 0.185547
0 0.537109 0.038086 0.625977 0.038086 0.625977 0.107422 0.537109 0.107422
0 0.532227 0.187500 0.627930 0.187500 0.627930 0.260742 0.532227 0.260742
0 0.531250 0.487305 0.628906 0.487305 0.628906 0.561523 0.531250 0.561523
0 0.436523 0.561523 0.531250 0.561523 0.531250 0.636719 0.436523 0.636719
0 0.532227 0.758789 0.627930 0.758789 0.627930 0.866211 0.532227 0.866211
0 0.744141 0.797852 0.842773 0.797852 0.842773 0.872070 0.744141 0.872070
0 0.847656 0.644531 0.935547 0.644531 0.935547 0.715820 0.847656 0.715820
0 0.745117 0.337891 0.840820 0.337891 0.840820 0.411133 0.745117 0.411133
0 0.747070 0.266602 0.838867 0.266602 0.838867 0.336914 0.747070 0.336914
0 0.838867 0.261719 0.934570 0.261719 0.934570 0.336914 0.838867 0.336914
0 0.839844 0.189453 0.934570 0.189453 0.934570 0.261719 0.839844 0.261719
0 0.744141 0.189453 0.839844 0.189453 0.839844 0.262695 0.744141 0.262695
0 0.741211 0.034180 0.835938 0.034180 0.835938 0.106445 0.741211 0.106445
0 0.741211 0.109375 0.837891 0.109375 0.837891 0.185547 0.741211 0.185547
0 0.837891 0.112305 0.934570 0.112305 0.934570 0.185547 0.837891 0.185547
0 0.842773 0.569336 0.934570 0.569336 0.934570 0.642578 0.842773 0.642578
0 0.116211 0.636719 0.207031 0.636719 0.207031 0.750977 0.116211 0.750977
0 0.114258 0.750977 0.207031 0.750977 0.207031 0.864258 0.114258 0.864258
0 0.212891 0.113281 0.304688 0.113281 0.304688 0.190430 0.212891 0.190430
0 0.115234 0.339844 0.208984 0.339844 0.208984 0.413086 0.115234 0.413086
0 0.114258 0.490234 0.208008 0.490234 0.208008 0.565430 0.114258 0.565430
1 0.208008 0.488281 0.306641 0.488281 0.306641 0.565430 0.208008 0.565430
1 0.115234 0.566406 0.207031 0.566406 0.207031 0.638672 0.115234 0.638672
1 0.116211 0.117188 0.207031 0.117188 0.207031 0.187500 0.116211 0.187500
1 0.115234 0.263672 0.209961 0.263672 0.209961 0.338867 0.115234 0.338867
1 0.437500 0.262695 0.530273 0.262695 0.530273 0.333984 0.437500 0.333984
1 0.531250 0.259766 0.626953 0.259766 0.626953 0.335938 0.531250 0.335938
1 0.436523 0.336914 0.529297 0.336914 0.529297 0.413086 0.436523 0.413086
1 0.532227 0.415039 0.628906 0.415039 0.628906 0.488281 0.532227 0.488281
1 0.528320 0.641602 0.629883 0.641602 0.629883 0.756836 0.528320 0.756836
1 0.743164 0.645508 0.840820 0.645508 0.840820 0.714844 0.743164 0.714844
1 0.745117 0.714844 0.840820 0.714844 0.840820 0.794922 0.745117 0.794922
1 0.844727 0.340820 0.936523 0.340820 0.936523 0.411133 0.844727 0.411133
1 0.838867 0.036133 0.933594 0.036133 0.933594 0.104492 0.838867 0.104492
0 0.840820 0.416016 0.933594 0.416016 0.933594 0.491211 0.840820 0.491211
