1 0.200195 0.451660 0.283203 0.451660 0.283203 0.656738 0.200195 0.656738
1 0.517090 0.450684 0.598145 0.450684 0.598145 0.656738 0.517090 0.656738
1 0.440186 0.451660 0.516846 0.451660 0.516846 0.653809 0.440186 0.653809
1 0.361816 0.654785 0.438965 0.654785 0.438965 0.861816 0.361816 0.861816
1 0.675293 0.656006 0.753418 0.656006 0.753418 0.864502 0.675293 0.864502
1 0.599121 0.655762 0.672363 0.655762 0.672363 0.866699 0.599121 0.866699
1 0.600098 0.450684 0.674316 0.450684 0.674316 0.656738 0.600098 0.656738
0 0.201904 0.657715 0.280518 0.657715 0.280518 0.868652 0.201904 0.868652
0 0.435303 0.657227 0.514893 0.657227 0.514893 0.862305 0.435303 0.862305
0 0.284912 0.456543 0.358643 0.456543 0.358643 0.654785 0.284912 0.654785
0 0.285889 0.656738 0.359619 0.656738 0.359619 0.865723 0.285889 0.865723
0 0.516113 0.658203 0.598145 0.658203 0.598145 0.864258 0.516113 0.864258
0 0.674805 0.454102 0.752930 0.454102 0.752930 0.655273 0.674805 0.655273
0 0.758789 0.658203 0.835938 0.658203 0.835938 0.863281 0.758789 0.863281
1 0.835938 0.658203 0.925781 0.658203 0.925781 0.868164 0.835938 0.868164
1 0.129883 0.026367 0.208008 0.026367 0.208008 0.205078 0.129883 0.205078
0 0.207031 0.032227 0.287109 0.032227 0.287109 0.207031 0.207031 0.207031
0 0.290039 0.028320 0.364258 0.028320 0.364258 0.204102 0.290039 0.204102
0 0.364258 0.028320 0.438477 0.028320 0.438477 0.204102 0.364258 0.204102
0 0.438477 0.028320 0.513672 0.028320 0.513672 0.205078 0.438477 0.205078
0 0.513672 0.027344 0.591797 0.027344 0.591797 0.205078 0.513672 0.205078
0 0.591797 0.027344 0.672852 0.027344 0.672852 0.205078 0.591797 0.205078
0 0.672852 0.024414 0.745117 0.024414 0.745117 0.205078 0.672852 0.205078
0 0.745117 0.024414 0.820312 0.024414 0.820312 0.205078 0.745117 0.205078
0 0.821289 0.025391 0.892578 0.025391 0.892578 0.205078 0.821289 0.205078
