1 0.137143 0.809000 0.209286 0.807000 0.225714 0.679000 0.157857 0.680000
1 0.226429 0.680000 0.208571 0.806000 0.288571 0.806000 0.300000 0.680000
1 0.300000 0.680000 0.288571 0.806000 0.372857 0.806000 0.380000 0.680000
0 0.472857 0.678000 0.380000 0.680000 0.372857 0.805000 0.471429 0.807000
0 0.584286 0.680000 0.475000 0.680000 0.469286 0.806000 0.585714 0.805000
0 0.582857 0.805000 0.702143 0.802000 0.696429 0.675000 0.583571 0.678000
0 0.775714 0.677000 0.695000 0.675000 0.700000 0.797000 0.786429 0.799000
0 0.785714 0.795000 0.867143 0.794000 0.857143 0.674000 0.773571 0.677000
0 0.930714 0.675000 0.855714 0.674000 0.866429 0.797000 0.946429 0.797000
0 0.990714 0.536000 0.972143 0.414000 0.899286 0.411000 0.917143 0.534000
1 0.899286 0.411000 0.827857 0.408000 0.840714 0.533000 0.920714 0.535000
0 0.838571 0.532000 0.825000 0.411000 0.754286 0.410000 0.762143 0.533000
0 0.754286 0.410000 0.682143 0.411000 0.685714 0.534000 0.765714 0.534000
1 0.607857 0.534000 0.687143 0.531000 0.682857 0.410000 0.610000 0.411000
1 0.537857 0.413000 0.537143 0.535000 0.610000 0.535000 0.609286 0.412000
1 0.538571 0.535000 0.539286 0.414000 0.468571 0.412000 0.465000 0.536000
0 0.468571 0.412000 0.397857 0.413000 0.390000 0.534000 0.464286 0.536000
1 0.393571 0.534000 0.401429 0.415000 0.327857 0.414000 0.314286 0.533000
1 0.240000 0.528000 0.314286 0.532000 0.328571 0.413000 0.255714 0.408000
1 0.270714 0.302000 0.342857 0.303000 0.350000 0.198000 0.283571 0.195000
0 0.415000 0.198000 0.350000 0.198000 0.340000 0.300000 0.407143 0.299000
1 0.410000 0.298000 0.475000 0.298000 0.479286 0.194000 0.415000 0.196000
0 0.542143 0.196000 0.480000 0.196000 0.474286 0.299000 0.540714 0.300000
1 0.541429 0.297000 0.610000 0.296000 0.607143 0.196000 0.543571 0.196000
1 0.673571 0.195000 0.607857 0.196000 0.608571 0.296000 0.676429 0.296000
0 0.738571 0.198000 0.672857 0.196000 0.675714 0.292000 0.745714 0.292000
0 0.739286 0.196000 0.745000 0.292000 0.814286 0.294000 0.805714 0.195000
1 0.804286 0.197000 0.814286 0.294000 0.881429 0.295000 0.870000 0.196000
1 0.881429 0.295000 0.951429 0.296000 0.935000 0.197000 0.869286 0.197000
0 0.855000 0.102000 0.870714 0.198000 0.934286 0.200000 0.920714 0.101000
0 0.868571 0.196000 0.856429 0.103000 0.794286 0.102000 0.805714 0.197000
0 0.805000 0.197000 0.795714 0.101000 0.730000 0.102000 0.737143 0.195000
1 0.738571 0.195000 0.730714 0.100000 0.669286 0.102000 0.674286 0.195000
0 0.669286 0.102000 0.607143 0.102000 0.605714 0.198000 0.674286 0.196000
0 0.605714 0.196000 0.606429 0.104000 0.544286 0.101000 0.542143 0.195000
1 0.544286 0.101000 0.481429 0.103000 0.477857 0.196000 0.541429 0.197000
0 0.412143 0.195000 0.478571 0.193000 0.482143 0.103000 0.421429 0.105000
1 0.415714 0.196000 0.422143 0.102000 0.360714 0.107000 0.351429 0.198000
1 0.360714 0.107000 0.297143 0.107000 0.282857 0.197000 0.349286 0.198000
