1 0.135742 0.805664 0.210938 0.808594 0.227539 0.681641 0.150391 0.677734
1 0.210938 0.802734 0.285156 0.804688 0.302734 0.679688 0.227539 0.680664
1 0.303711 0.679688 0.287109 0.805664 0.370117 0.804688 0.380859 0.677734
1 0.241211 0.535156 0.317383 0.533203 0.327148 0.413086 0.254883 0.413086
1 0.401367 0.414062 0.329102 0.414062 0.314453 0.532227 0.392578 0.535156
0 0.393555 0.535156 0.461914 0.537109 0.470703 0.413086 0.398438 0.413086
1 0.461914 0.535156 0.539062 0.536133 0.539062 0.413086 0.465820 0.414062
1 0.609375 0.412109 0.538086 0.413086 0.541016 0.535156 0.611328 0.534180
1 0.613281 0.532227 0.687500 0.535156 0.680664 0.409180 0.609375 0.412109
0 0.762695 0.528320 0.755859 0.408203 0.684570 0.411133 0.684570 0.533203
1 0.839844 0.536133 0.911133 0.535156 0.891602 0.406250 0.825195 0.406250
1 0.276367 0.298828 0.341797 0.297852 0.351562 0.197266 0.280273 0.197266
0 0.414062 0.196289 0.349609 0.196289 0.338867 0.299805 0.407227 0.299805
1 0.476562 0.297852 0.479492 0.195312 0.414062 0.195312 0.410156 0.298828
1 0.542969 0.299805 0.610352 0.296875 0.608398 0.195312 0.540039 0.197266
1 0.606445 0.196289 0.608398 0.296875 0.677734 0.294922 0.672852 0.196289
1 0.667969 0.101562 0.672852 0.196289 0.738281 0.195312 0.733398 0.102539
1 0.804688 0.198242 0.812500 0.295898 0.884766 0.294922 0.871094 0.193359
1 0.938477 0.194336 0.871094 0.193359 0.884766 0.293945 0.952148 0.292969
1 0.918945 0.104492 0.935547 0.198242 1.000000 0.195312 0.982422 0.101562
1 0.361328 0.105469 0.296875 0.106445 0.283203 0.194336 0.351562 0.196289
1 0.361328 0.104492 0.354492 0.196289 0.417969 0.195312 0.423828 0.102539
1 0.543945 0.101562 0.485352 0.102539 0.478516 0.194336 0.541992 0.194336
0 0.482422 0.102539 0.422852 0.102539 0.416016 0.194336 0.479492 0.195312
0 0.478516 0.297852 0.543945 0.296875 0.541016 0.194336 0.477539 0.198242
0 0.605469 0.103516 0.544922 0.102539 0.538086 0.195312 0.607422 0.193359
0 0.607422 0.193359 0.672852 0.197266 0.668945 0.100586 0.604492 0.102539
0 0.732422 0.101562 0.740234 0.196289 0.804688 0.198242 0.795898 0.101562
0 0.859375 0.101562 0.795898 0.101562 0.803711 0.194336 0.872070 0.191406
0 0.869141 0.193359 0.937500 0.197266 0.922852 0.102539 0.852539 0.102539
0 0.802734 0.199219 0.737305 0.197266 0.742188 0.293945 0.817383 0.292969
0 0.672852 0.290039 0.742188 0.290039 0.739258 0.196289 0.671875 0.196289
0 0.829102 0.408203 0.756836 0.411133 0.764648 0.532227 0.841797 0.531250
0 0.971680 0.413086 0.892578 0.410156 0.911133 0.535156 0.990234 0.534180
0 0.475586 0.678711 0.382812 0.676758 0.371094 0.802734 0.472656 0.803711
0 0.472656 0.677734 0.468750 0.807617 0.583984 0.807617 0.585938 0.677734
0 0.694336 0.673828 0.585938 0.677734 0.584961 0.806641 0.698242 0.808594
0 0.700195 0.810547 0.788086 0.810547 0.775391 0.674805 0.692383 0.673828
0 0.774414 0.676758 0.788086 0.810547 0.871094 0.807617 0.860352 0.672852
0 0.851562 0.676758 0.869141 0.809570 0.952148 0.809570 0.934570 0.675781
