1 0.080714 0.458000 0.160714 0.457000 0.162857 0.228000 0.082857 0.229000
1 0.244286 0.226000 0.164286 0.228000 0.160000 0.457000 0.239286 0.456000
1 0.237857 0.459000 0.315000 0.457000 0.319286 0.221000 0.244286 0.224000
1 0.319286 0.223000 0.315000 0.456000 0.394286 0.456000 0.395714 0.220000
1 0.395714 0.220000 0.395714 0.453000 0.460000 0.454000 0.459286 0.218000
1 0.459286 0.219000 0.460000 0.455000 0.547143 0.455000 0.545714 0.218000
1 0.545714 0.219000 0.547857 0.453000 0.622857 0.454000 0.619286 0.220000
1 0.619286 0.221000 0.623571 0.455000 0.702143 0.455000 0.698571 0.221000
1 0.776429 0.221000 0.699286 0.220000 0.702143 0.452000 0.780000 0.452000
1 0.779286 0.456000 0.856429 0.455000 0.855714 0.223000 0.776429 0.221000
1 0.854286 0.223000 0.855000 0.456000 0.921429 0.454000 0.919286 0.225000
1 0.924286 0.697000 0.921429 0.455000 0.857143 0.458000 0.857143 0.701000
1 0.857857 0.702000 0.857143 0.454000 0.778571 0.454000 0.780714 0.701000
1 0.702143 0.703000 0.780714 0.701000 0.778571 0.454000 0.700714 0.451000
1 0.703571 0.704000 0.702143 0.455000 0.622857 0.455000 0.622857 0.701000
1 0.622857 0.699000 0.622857 0.455000 0.547143 0.456000 0.547857 0.701000
1 0.546429 0.699000 0.547143 0.456000 0.459286 0.457000 0.457857 0.699000
1 0.457143 0.698000 0.459286 0.457000 0.387143 0.455000 0.384286 0.698000
1 0.382857 0.699000 0.387143 0.455000 0.317143 0.454000 0.311429 0.697000
1 0.149286 0.699000 0.158571 0.457000 0.082143 0.460000 0.070000 0.702000
1 0.160714 0.458000 0.150714 0.702000 0.228571 0.702000 0.239286 0.458000
1 0.239286 0.459000 0.230000 0.702000 0.310000 0.699000 0.315714 0.456000
