1 0.071777 0.457520 0.158691 0.457520 0.158691 0.720215 0.071777 0.720215
1 0.459473 0.219482 0.547363 0.219482 0.547363 0.449463 0.459473 0.449463
1 0.316895 0.225342 0.392090 0.225342 0.392090 0.453369 0.316895 0.453369
1 0.317139 0.452393 0.388916 0.452393 0.388916 0.723389 0.317139 0.723389
1 0.236816 0.454590 0.316895 0.454590 0.316895 0.721191 0.236816 0.721191
1 0.157715 0.455078 0.238770 0.455078 0.238770 0.721680 0.157715 0.721680
1 0.458008 0.451172 0.544922 0.451172 0.544922 0.706055 0.458008 0.706055
1 0.780762 0.453613 0.858887 0.453613 0.858887 0.712402 0.780762 0.712402
1 0.623047 0.452148 0.704102 0.452148 0.704102 0.713867 0.623047 0.713867
1 0.083984 0.225586 0.164062 0.225586 0.164062 0.458984 0.083984 0.458984
1 0.162109 0.224609 0.240234 0.224609 0.240234 0.455078 0.162109 0.455078
1 0.241211 0.225586 0.316406 0.225586 0.316406 0.453125 0.241211 0.453125
1 0.391602 0.219727 0.463867 0.219727 0.463867 0.454102 0.391602 0.454102
1 0.545898 0.219727 0.621094 0.219727 0.621094 0.452148 0.545898 0.452148
1 0.621094 0.219727 0.702148 0.219727 0.702148 0.454102 0.621094 0.454102
1 0.702148 0.219727 0.781250 0.219727 0.781250 0.454102 0.702148 0.454102
1 0.781250 0.219727 0.855469 0.219727 0.855469 0.454102 0.781250 0.454102
1 0.855469 0.220703 0.928711 0.220703 0.928711 0.454102 0.855469 0.454102
1 0.859375 0.455078 0.929688 0.455078 0.929688 0.709961 0.859375 0.709961
1 0.703125 0.455078 0.780273 0.455078 0.780273 0.711914 0.703125 0.711914
1 0.545898 0.451172 0.623047 0.451172 0.623047 0.711914 0.545898 0.711914
1 0.389648 0.453125 0.458008 0.453125 0.458008 0.712891 0.389648 0.712891
