1 0.056641 0.135742 0.059570 0.294922 0.129883 0.295898 0.124023 0.137695
1 0.130859 0.294922 0.202148 0.296875 0.190430 0.137695 0.121094 0.136719
1 0.189453 0.136719 0.198242 0.299805 0.264648 0.298828 0.257812 0.138672
1 0.322266 0.135742 0.257812 0.138672 0.262695 0.298828 0.332031 0.299805
1 0.331055 0.297852 0.394531 0.300781 0.387695 0.137695 0.321289 0.135742
1 0.456055 0.140625 0.388672 0.139648 0.394531 0.297852 0.463867 0.301758
1 0.462891 0.299805 0.531250 0.296875 0.518555 0.139648 0.453125 0.140625
1 0.584961 0.139648 0.519531 0.137695 0.530273 0.293945 0.594727 0.292969
1 0.593750 0.292969 0.664062 0.293945 0.648438 0.142578 0.585938 0.140625
1 0.711914 0.141602 0.650391 0.140625 0.660156 0.294922 0.729492 0.294922
1 0.730469 0.296875 0.795898 0.295898 0.779297 0.145508 0.713867 0.144531
1 0.844727 0.148438 0.782227 0.148438 0.793945 0.295898 0.860352 0.294922
1 0.858398 0.293945 0.927734 0.293945 0.910156 0.148438 0.844727 0.147461
1 0.973633 0.148438 0.910156 0.148438 0.923828 0.291016 0.992188 0.291016
1 0.066406 0.503906 0.069336 0.678711 0.143555 0.676758 0.136719 0.501953
1 0.206055 0.501953 0.136719 0.501953 0.140625 0.674805 0.213867 0.677734
1 0.210938 0.675781 0.282227 0.675781 0.276367 0.500977 0.203125 0.502930
1 0.341797 0.501953 0.273438 0.501953 0.279297 0.674805 0.351562 0.676758
1 0.352539 0.675781 0.418945 0.676758 0.411133 0.500977 0.337891 0.501953
1 0.477539 0.500977 0.411133 0.501953 0.419922 0.675781 0.487305 0.675781
1 0.488281 0.676758 0.556641 0.679688 0.544922 0.500977 0.473633 0.500977
1 0.613281 0.499023 0.546875 0.500977 0.555664 0.679688 0.625000 0.680664
1 0.613281 0.500000 0.625977 0.680664 0.690430 0.681641 0.679688 0.500977
1 0.690430 0.681641 0.759766 0.682617 0.745117 0.500000 0.676758 0.499023
1 0.812500 0.500977 0.744141 0.500000 0.760742 0.681641 0.828125 0.682617
1 0.829102 0.682617 0.897461 0.683594 0.882812 0.501953 0.812500 0.502930
1 0.944336 0.502930 0.882812 0.503906 0.898438 0.683594 0.966797 0.683594
1 0.898438 0.683594 0.915039 0.868164 0.985352 0.868164 0.968750 0.682617
1 0.898438 0.682617 0.827148 0.683594 0.846680 0.871094 0.916992 0.868164
1 0.775391 0.867188 0.845703 0.869141 0.830078 0.681641 0.759766 0.682617
1 0.759766 0.681641 0.690430 0.680664 0.705078 0.871094 0.777344 0.869141
1 0.637695 0.869141 0.704102 0.867188 0.694336 0.681641 0.628906 0.682617
1 0.636719 0.869141 0.624023 0.679688 0.556641 0.677734 0.564453 0.867188
1 0.556641 0.677734 0.489258 0.676758 0.499023 0.871094 0.568359 0.868164
1 0.427734 0.867188 0.501953 0.867188 0.489258 0.677734 0.418945 0.676758
1 0.353516 0.676758 0.280273 0.676758 0.290039 0.865234 0.360352 0.865234
1 0.217773 0.866211 0.291992 0.863281 0.282227 0.676758 0.211914 0.676758
1 0.215820 0.675781 0.139648 0.674805 0.146484 0.861328 0.219727 0.862305
1 0.073242 0.862305 0.150391 0.859375 0.142578 0.676758 0.072266 0.676758
1 0.070312 0.678711 0.000000 0.679688 0.001953 0.863281 0.076172 0.861328
0 0.420898 0.675781 0.353516 0.675781 0.359375 0.863281 0.427734 0.864258
