1 0.056640625 0.1357421875 0.0595703125 0.294921875 0.1298828125 0.2958984375 0.1240234375 0.1376953125 0.056640625 0.1357421875
1 0.130859375 0.294921875 0.2021484375 0.296875 0.1904296875 0.1376953125 0.12109375 0.13671875 0.130859375 0.294921875
1 0.189453125 0.13671875 0.1982421875 0.2998046875 0.2646484375 0.298828125 0.2578125 0.138671875 0.189453125 0.13671875
1 0.322265625 0.1357421875 0.2578125 0.138671875 0.2626953125 0.298828125 0.33203125 0.2998046875 0.322265625 0.1357421875
1 0.3310546875 0.2978515625 0.39453125 0.30078125 0.3876953125 0.1376953125 0.3212890625 0.1357421875 0.3310546875 0.2978515625
1 0.4560546875 0.140625 0.388671875 0.1396484375 0.39453125 0.2978515625 0.4638671875 0.3017578125 0.4560546875 0.140625
1 0.462890625 0.2998046875 0.53125 0.296875 0.5185546875 0.1396484375 0.453125 0.140625 0.462890625 0.2998046875
1 0.5849609375 0.1396484375 0.51953125 0.1376953125 0.5302734375 0.2939453125 0.5947265625 0.29296875 0.5849609375 0.1396484375
1 0.59375 0.29296875 0.6640625 0.2939453125 0.6484375 0.142578125 0.5859375 0.140625 0.59375 0.29296875
1 0.7119140625 0.1416015625 0.650390625 0.140625 0.66015625 0.294921875 0.7294921875 0.294921875 0.7119140625 0.1416015625
1 0.73046875 0.296875 0.7958984375 0.2958984375 0.779296875 0.1455078125 0.7138671875 0.14453125 0.73046875 0.296875
1 0.8447265625 0.1484375 0.7822265625 0.1484375 0.7939453125 0.2958984375 0.8603515625 0.294921875 0.8447265625 0.1484375
1 0.8583984375 0.2939453125 0.927734375 0.2939453125 0.91015625 0.1484375 0.8447265625 0.1474609375 0.8583984375 0.2939453125
1 0.9736328125 0.1484375 0.91015625 0.1484375 0.923828125 0.291015625 0.9921875 0.291015625 0.9736328125 0.1484375
1 0.06640625 0.50390625 0.0693359375 0.6787109375 0.1435546875 0.6767578125 0.13671875 0.501953125 0.06640625 0.50390625
1 0.2060546875 0.501953125 0.13671875 0.501953125 0.140625 0.6748046875 0.2138671875 0.677734375 0.2060546875 0.501953125
1 0.2109375 0.67578125 0.2822265625 0.67578125 0.2763671875 0.5009765625 0.203125 0.5029296875 0.2109375 0.67578125
1 0.341796875 0.501953125 0.2734375 0.501953125 0.279296875 0.6748046875 0.3515625 0.6767578125 0.341796875 0.501953125
1 0.3525390625 0.67578125 0.4189453125 0.6767578125 0.4111328125 0.5009765625 0.337890625 0.501953125 0.3525390625 0.67578125
1 0.4775390625 0.5009765625 0.4111328125 0.501953125 0.419921875 0.67578125 0.4873046875 0.67578125 0.4775390625 0.5009765625
1 0.48828125 0.6767578125 0.556640625 0.6796875 0.544921875 0.5009765625 0.4736328125 0.5009765625 0.48828125 0.6767578125
1 0.61328125 0.4990234375 0.546875 0.5009765625 0.5556640625 0.6796875 0.625 0.6806640625 0.61328125 0.4990234375
1 0.61328125 0.5 0.6259765625 0.6806640625 0.6904296875 0.681640625 0.6796875 0.5009765625 0.61328125 0.5
1 0.6904296875 0.681640625 0.759765625 0.6826171875 0.7451171875 0.5 0.6767578125 0.4990234375 0.6904296875 0.681640625
1 0.8125 0.5009765625 0.744140625 0.5 0.7607421875 0.681640625 0.828125 0.6826171875 0.8125 0.5009765625
1 0.8291015625 0.6826171875 0.8974609375 0.68359375 0.8828125 0.501953125 0.8125 0.5029296875 0.8291015625 0.6826171875
1 0.9443359375 0.5029296875 0.8828125 0.50390625 0.8984375 0.68359375 0.966796875 0.68359375 0.9443359375 0.5029296875
1 0.8984375 0.68359375 0.9150390625 0.8681640625 0.9853515625 0.8681640625 0.96875 0.6826171875 0.8984375 0.68359375
1 0.8984375 0.6826171875 0.8271484375 0.68359375 0.8466796875 0.87109375 0.9169921875 0.8681640625 0.8984375 0.6826171875
1 0.775390625 0.8671875 0.845703125 0.869140625 0.830078125 0.681640625 0.759765625 0.6826171875 0.775390625 0.8671875
1 0.759765625 0.681640625 0.6904296875 0.6806640625 0.705078125 0.87109375 0.77734375 0.869140625 0.759765625 0.681640625
1 0.6376953125 0.869140625 0.7041015625 0.8671875 0.6943359375 0.681640625 0.62890625 0.6826171875 0.6376953125 0.869140625
1 0.63671875 0.869140625 0.6240234375 0.6796875 0.556640625 0.677734375 0.564453125 0.8671875 0.63671875 0.869140625
1 0.556640625 0.677734375 0.4892578125 0.6767578125 0.4990234375 0.87109375 0.568359375 0.8681640625 0.556640625 0.677734375
1 0.427734375 0.8671875 0.501953125 0.8671875 0.4892578125 0.677734375 0.4189453125 0.6767578125 0.427734375 0.8671875
1 0.353515625 0.6767578125 0.2802734375 0.6767578125 0.2900390625 0.865234375 0.3603515625 0.865234375 0.353515625 0.6767578125
1 0.2177734375 0.8662109375 0.2919921875 0.86328125 0.2822265625 0.6767578125 0.2119140625 0.6767578125 0.2177734375 0.8662109375
1 0.2158203125 0.67578125 0.1396484375 0.6748046875 0.146484375 0.861328125 0.2197265625 0.8623046875 0.2158203125 0.67578125
1 0.0732421875 0.8623046875 0.150390625 0.859375 0.142578125 0.6767578125 0.072265625 0.6767578125 0.0732421875 0.8623046875
1 0.0703125 0.6787109375 0 0.6796875 0.001953125 0.86328125 0.076171875 0.861328125 0.0703125 0.6787109375
0 0.4208984375 0.67578125 0.353515625 0.67578125 0.359375 0.86328125 0.427734375 0.8642578125 0.4208984375 0.67578125