1 0.054286 0.133000 0.058571 0.296000 0.127143 0.297000 0.123571 0.135000
1 0.190714 0.134000 0.122857 0.134000 0.127857 0.297000 0.196429 0.298000
1 0.195714 0.296000 0.265000 0.295000 0.255000 0.136000 0.190000 0.133000
1 0.323571 0.137000 0.257143 0.136000 0.265000 0.298000 0.332143 0.298000
1 0.385714 0.138000 0.322143 0.137000 0.330714 0.296000 0.395714 0.297000
1 0.453571 0.141000 0.387143 0.139000 0.396429 0.296000 0.465000 0.297000
1 0.462857 0.295000 0.530000 0.294000 0.520000 0.138000 0.451429 0.141000
1 0.520714 0.140000 0.529286 0.294000 0.595714 0.293000 0.585714 0.139000
1 0.585714 0.139000 0.595000 0.296000 0.660000 0.294000 0.650000 0.139000
1 0.651429 0.140000 0.662143 0.296000 0.727857 0.296000 0.712857 0.141000
1 0.726429 0.295000 0.794286 0.294000 0.777857 0.141000 0.712857 0.140000
1 0.794286 0.294000 0.858571 0.293000 0.842857 0.141000 0.777143 0.142000
1 0.909286 0.144000 0.844286 0.141000 0.857143 0.292000 0.926429 0.292000
1 0.927143 0.294000 0.991429 0.293000 0.972143 0.144000 0.908571 0.144000
1 0.067143 0.505000 0.070000 0.681000 0.143571 0.681000 0.137143 0.503000
1 0.207857 0.502000 0.137143 0.503000 0.141429 0.679000 0.211429 0.681000
1 0.213571 0.677000 0.283571 0.680000 0.274286 0.499000 0.205000 0.503000
1 0.275714 0.501000 0.281429 0.679000 0.350714 0.679000 0.341429 0.499000
1 0.341429 0.499000 0.350000 0.680000 0.420714 0.680000 0.411429 0.497000
1 0.475714 0.498000 0.411429 0.499000 0.419286 0.680000 0.487143 0.677000
1 0.486429 0.675000 0.555714 0.677000 0.542857 0.501000 0.473571 0.498000
1 0.612143 0.502000 0.542143 0.502000 0.554286 0.676000 0.626429 0.680000
1 0.692857 0.683000 0.678571 0.505000 0.611429 0.501000 0.624286 0.682000
1 0.747143 0.504000 0.677857 0.502000 0.690714 0.684000 0.759286 0.684000
1 0.757143 0.681000 0.829286 0.680000 0.813571 0.505000 0.743571 0.503000
1 0.813571 0.504000 0.828571 0.680000 0.897857 0.681000 0.879286 0.506000
1 0.879286 0.506000 0.896429 0.684000 0.969286 0.683000 0.950000 0.504000
1 0.985000 0.870000 0.970000 0.684000 0.897143 0.685000 0.913571 0.866000
1 0.913571 0.868000 0.897857 0.679000 0.829286 0.678000 0.845714 0.867000
1 0.773571 0.866000 0.845714 0.867000 0.830000 0.681000 0.759286 0.682000
1 0.775714 0.868000 0.759286 0.684000 0.693571 0.684000 0.705714 0.870000
1 0.705000 0.867000 0.692857 0.684000 0.625000 0.679000 0.635714 0.867000
1 0.637143 0.868000 0.625000 0.679000 0.555714 0.676000 0.567143 0.865000
1 0.566429 0.866000 0.555714 0.676000 0.489286 0.678000 0.498571 0.866000
1 0.498571 0.867000 0.489286 0.678000 0.420000 0.679000 0.427143 0.864000
0 0.426429 0.864000 0.420000 0.679000 0.353571 0.681000 0.360714 0.866000
1 0.359286 0.865000 0.353571 0.679000 0.283571 0.676000 0.287857 0.867000
1 0.288571 0.866000 0.283571 0.676000 0.213571 0.678000 0.218571 0.865000
1 0.218571 0.866000 0.213571 0.678000 0.142143 0.678000 0.145714 0.865000
1 0.147857 0.866000 0.142143 0.678000 0.070714 0.681000 0.077143 0.867000
1 0.075000 0.863000 0.070000 0.680000 0.000714 0.678000 0.003571 0.865000
1 0.000000 0.503000 0.001429 0.677000 0.072857 0.679000 0.067857 0.504000
