1 0.078125 0.250977 0.144531 0.250977 0.144531 0.387695 0.078125 0.387695
1 0.144531 0.250977 0.207031 0.250977 0.207031 0.388672 0.144531 0.388672
1 0.208984 0.250000 0.279297 0.250000 0.279297 0.388672 0.208984 0.388672
1 0.281250 0.250000 0.347656 0.250000 0.347656 0.390625 0.281250 0.390625
1 0.347656 0.250000 0.414062 0.250000 0.414062 0.390625 0.347656 0.390625
1 0.414062 0.249023 0.477539 0.249023 0.477539 0.389648 0.414062 0.389648
1 0.477539 0.247070 0.545898 0.247070 0.545898 0.389648 0.477539 0.389648
1 0.544922 0.250000 0.612305 0.250000 0.612305 0.389648 0.544922 0.389648
1 0.612305 0.250000 0.678711 0.250000 0.678711 0.391602 0.612305 0.391602
1 0.676758 0.249023 0.744141 0.249023 0.744141 0.393555 0.676758 0.393555
1 0.746094 0.249023 0.811523 0.249023 0.811523 0.393555 0.746094 0.393555
1 0.810547 0.250000 0.878906 0.250000 0.878906 0.395508 0.810547 0.395508
1 0.079102 0.389648 0.142578 0.389648 0.142578 0.533203 0.079102 0.533203
1 0.142578 0.389648 0.210938 0.389648 0.210938 0.534180 0.142578 0.534180
1 0.210938 0.388672 0.280273 0.388672 0.280273 0.534180 0.210938 0.534180
1 0.280273 0.390625 0.349609 0.390625 0.349609 0.532227 0.280273 0.532227
1 0.349609 0.390625 0.414062 0.390625 0.414062 0.532227 0.349609 0.532227
1 0.414062 0.390625 0.480469 0.390625 0.480469 0.532227 0.414062 0.532227
1 0.480469 0.390625 0.541992 0.390625 0.541992 0.532227 0.480469 0.532227
1 0.541992 0.390625 0.613281 0.390625 0.613281 0.535156 0.541992 0.535156
1 0.613281 0.392578 0.678711 0.392578 0.678711 0.535156 0.613281 0.535156
1 0.678711 0.392578 0.740234 0.392578 0.740234 0.533203 0.678711 0.533203
1 0.742188 0.393555 0.810547 0.393555 0.810547 0.533203 0.742188 0.533203
1 0.080078 0.697266 0.145508 0.697266 0.145508 0.834961 0.080078 0.834961
1 0.145508 0.696289 0.208984 0.696289 0.208984 0.835938 0.145508 0.835938
1 0.211914 0.694336 0.279297 0.694336 0.279297 0.835938 0.211914 0.835938
1 0.349609 0.692383 0.412109 0.692383 0.412109 0.834961 0.349609 0.834961
1 0.410156 0.693359 0.480469 0.693359 0.480469 0.833008 0.410156 0.833008
1 0.480469 0.692383 0.543945 0.692383 0.543945 0.833008 0.480469 0.833008
1 0.543945 0.692383 0.612305 0.692383 0.612305 0.833984 0.543945 0.833984
1 0.612305 0.697266 0.676758 0.697266 0.676758 0.833984 0.612305 0.833984
1 0.676758 0.697266 0.744141 0.697266 0.744141 0.834961 0.676758 0.834961
1 0.146484 0.833984 0.208984 0.833984 0.208984 0.976562 0.146484 0.976562
1 0.209961 0.836914 0.278320 0.836914 0.278320 0.976562 0.209961 0.976562
1 0.350586 0.834961 0.409180 0.834961 0.409180 0.974609 0.350586 0.974609
1 0.410156 0.834961 0.484375 0.834961 0.484375 0.977539 0.410156 0.977539
1 0.479492 0.833984 0.546875 0.833984 0.546875 0.977539 0.479492 0.977539
1 0.542969 0.835938 0.609375 0.835938 0.609375 0.978516 0.542969 0.978516
0 0.811523 0.393555 0.875000 0.393555 0.875000 0.535156 0.811523 0.535156
0 0.875000 0.395508 0.949219 0.395508 0.949219 0.534180 0.875000 0.534180
0 0.879883 0.250000 0.949219 0.250000 0.949219 0.395508 0.879883 0.395508
0 0.744141 0.699219 0.811523 0.699219 0.811523 0.837891 0.744141 0.837891
0 0.746094 0.837891 0.811523 0.837891 0.811523 0.983398 0.746094 0.983398
0 0.678711 0.833984 0.746094 0.833984 0.746094 0.983398 0.678711 0.983398
0 0.613281 0.833984 0.678711 0.833984 0.678711 0.978516 0.613281 0.978516
0 0.278320 0.833984 0.349609 0.833984 0.349609 0.979492 0.278320 0.979492
0 0.278320 0.695312 0.348633 0.695312 0.348633 0.833984 0.278320 0.833984
0 0.080078 0.835938 0.144531 0.835938 0.144531 0.978516 0.080078 0.978516
