1 0.111328125 0.3193359375 0.06640625 0.13671875
1 0.17578125 0.31982421875 0.0625 0.1376953125
1 0.244140625 0.3193359375 0.0703125 0.138671875
1 0.314453125 0.3203125 0.06640625 0.140625
1 0.380859375 0.3203125 0.06640625 0.140625
1 0.44580078125 0.3193359375 0.0634765625 0.140625
1 0.51171875 0.318359375 0.068359375 0.142578125
1 0.57861328125 0.31982421875 0.0673828125 0.1396484375
1 0.6455078125 0.32080078125 0.06640625 0.1416015625
1 0.71044921875 0.3212890625 0.0673828125 0.14453125
1 0.77880859375 0.3212890625 0.0654296875 0.14453125
1 0.8447265625 0.32275390625 0.068359375 0.1455078125
1 0.11083984375 0.46142578125 0.0634765625 0.1435546875
1 0.1767578125 0.4619140625 0.068359375 0.14453125
1 0.24560546875 0.46142578125 0.0693359375 0.1455078125
1 0.31494140625 0.46142578125 0.0693359375 0.1416015625
1 0.3818359375 0.46142578125 0.064453125 0.1416015625
1 0.447265625 0.46142578125 0.06640625 0.1416015625
1 0.51123046875 0.46142578125 0.0615234375 0.1416015625
1 0.57763671875 0.462890625 0.0712890625 0.14453125
1 0.64599609375 0.4638671875 0.0654296875 0.142578125
1 0.70947265625 0.462890625 0.0615234375 0.140625
1 0.7763671875 0.46337890625 0.068359375 0.1396484375
1 0.11279296875 0.76611328125 0.0654296875 0.1376953125
1 0.17724609375 0.76611328125 0.0634765625 0.1396484375
1 0.24560546875 0.76513671875 0.0673828125 0.1416015625
1 0.380859375 0.763671875 0.0625 0.142578125
1 0.4453125 0.76318359375 0.0703125 0.1396484375
1 0.51220703125 0.7626953125 0.0634765625 0.140625
1 0.578125 0.76318359375 0.068359375 0.1416015625
1 0.64453125 0.765625 0.064453125 0.13671875
1 0.71044921875 0.76611328125 0.0673828125 0.1376953125
1 0.177734375 0.9052734375 0.0625 0.142578125
1 0.244140625 0.90673828125 0.068359375 0.1396484375
1 0.3798828125 0.90478515625 0.05859375 0.1396484375
1 0.447265625 0.90625 0.07421875 0.142578125
1 0.51318359375 0.90576171875 0.0673828125 0.1435546875
1 0.576171875 0.9072265625 0.06640625 0.142578125
0 0.84326171875 0.46435546875 0.0634765625 0.1416015625
0 0.912109375 0.46484375 0.07421875 0.138671875
0 0.91455078125 0.32275390625 0.0693359375 0.1455078125
0 0.77783203125 0.7685546875 0.0673828125 0.138671875
0 0.77880859375 0.91064453125 0.0654296875 0.1455078125
0 0.71240234375 0.90869140625 0.0673828125 0.1494140625
0 0.64599609375 0.90625 0.0654296875 0.14453125
0 0.31396484375 0.90673828125 0.0712890625 0.1455078125
0 0.3134765625 0.7646484375 0.0703125 0.138671875
0 0.1123046875 0.9072265625 0.064453125 0.142578125