0 0.080566 0.835205 0.146973 0.835205 0.146973 0.978271 0.080566 0.978271
1 0.147217 0.835205 0.213135 0.835205 0.213135 0.978271 0.147217 0.978271
1 0.212646 0.834717 0.280518 0.834717 0.280518 0.975830 0.212646 0.975830
0 0.280762 0.835693 0.349121 0.835693 0.349121 0.975830 0.280762 0.975830
1 0.349365 0.837158 0.412354 0.837158 0.412354 0.977295 0.349365 0.977295
1 0.412109 0.834717 0.481445 0.834717 0.481445 0.976807 0.412109 0.976807
1 0.481689 0.834717 0.546631 0.834717 0.546631 0.976807 0.481689 0.976807
1 0.546143 0.834717 0.612061 0.834717 0.612061 0.976807 0.546143 0.976807
0 0.612061 0.835205 0.677979 0.835205 0.677979 0.978271 0.612061 0.978271
0 0.677734 0.838135 0.746094 0.838135 0.746094 0.978271 0.677734 0.978271
0 0.746338 0.838135 0.811279 0.838135 0.811279 0.978271 0.746338 0.978271
0 0.745850 0.696045 0.811768 0.696045 0.811768 0.837158 0.745850 0.837158
1 0.678223 0.696045 0.745605 0.696045 0.745605 0.836182 0.678223 0.836182
1 0.610596 0.695068 0.678467 0.695068 0.678467 0.836182 0.610596 0.836182
1 0.545654 0.695068 0.610596 0.695068 0.610596 0.837158 0.545654 0.837158
0 0.482422 0.694092 0.545898 0.694092 0.545898 0.837158 0.482422 0.837158
1 0.413574 0.694092 0.481934 0.694092 0.481934 0.835205 0.413574 0.835205
1 0.350830 0.694092 0.413818 0.694092 0.413818 0.835205 0.350830 0.835205
0 0.280762 0.693115 0.352051 0.693115 0.352051 0.834229 0.280762 0.834229
1 0.212402 0.694092 0.280762 0.694092 0.280762 0.834229 0.212402 0.834229
1 0.147217 0.694092 0.212158 0.694092 0.212158 0.834229 0.147217 0.834229
1 0.081299 0.694092 0.147217 0.694092 0.147217 0.834229 0.081299 0.834229
0 0.877930 0.692139 0.955078 0.692139 0.955078 0.839111 0.877930 0.839111
0 0.877197 0.837158 0.953857 0.837158 0.953857 0.978271 0.877197 0.978271
0 0.876465 0.392822 0.951660 0.392822 0.951660 0.531006 0.876465 0.531006
0 0.808105 0.393799 0.876465 0.393799 0.876465 0.531006 0.808105 0.531006
1 0.740723 0.392822 0.810059 0.392822 0.810059 0.531982 0.740723 0.531982
1 0.675537 0.392822 0.740479 0.392822 0.740479 0.531982 0.675537 0.531982
1 0.609375 0.392822 0.675781 0.392822 0.675781 0.531982 0.609375 0.531982
1 0.544189 0.392822 0.609131 0.392822 0.609131 0.531982 0.544189 0.531982
1 0.482178 0.390869 0.544189 0.390869 0.544189 0.531982 0.482178 0.531982
1 0.415527 0.390869 0.481934 0.390869 0.481934 0.531982 0.415527 0.531982
1 0.347168 0.391846 0.415527 0.391846 0.415527 0.531982 0.347168 0.531982
1 0.279053 0.389893 0.346924 0.389893 0.346924 0.531982 0.279053 0.531982
1 0.212891 0.389893 0.279297 0.389893 0.279297 0.531982 0.212891 0.531982
1 0.147217 0.388916 0.213135 0.388916 0.213135 0.531982 0.147217 0.531982
1 0.079346 0.388916 0.147217 0.388916 0.147217 0.531982 0.079346 0.531982
0 0.876221 0.251709 0.951904 0.251709 0.951904 0.391846 0.876221 0.391846
1 0.810059 0.251709 0.876465 0.251709 0.876465 0.391846 0.810059 0.391846
1 0.742676 0.251709 0.810059 0.251709 0.810059 0.391846 0.742676 0.391846
1 0.675537 0.253174 0.743408 0.253174 0.743408 0.393311 0.675537 0.393311
1 0.612305 0.251709 0.675781 0.251709 0.675781 0.392822 0.612305 0.392822
1 0.544189 0.251709 0.612061 0.251709 0.612061 0.391846 0.544189 0.391846
1 0.476318 0.248779 0.544189 0.248779 0.544189 0.391846 0.476318 0.391846
1 0.412109 0.248779 0.476562 0.248779 0.476562 0.389893 0.412109 0.389893
1 0.345703 0.249756 0.412109 0.249756 0.412109 0.389893 0.345703 0.389893
1 0.278320 0.249756 0.345703 0.249756 0.345703 0.388916 0.278320 0.388916
1 0.211914 0.250732 0.278320 0.250732 0.278320 0.388916 0.211914 0.388916
1 0.144287 0.250732 0.212158 0.250732 0.212158 0.387939 0.144287 0.387939
1 0.078369 0.249756 0.144287 0.249756 0.144287 0.387939 0.078369 0.387939
