0 0.11376953125 0.90673828125 0.06640625 0.14306640625
1 0.18017578125 0.90673828125 0.06591796875 0.14306640625
1 0.24658203125 0.9052734375 0.06787109375 0.14111328125
0 0.31494140625 0.90576171875 0.068359375 0.14013671875
1 0.380859375 0.9072265625 0.06298828125 0.14013671875
1 0.44677734375 0.90576171875 0.0693359375 0.14208984375
1 0.51416015625 0.90576171875 0.06494140625 0.14208984375
1 0.5791015625 0.90576171875 0.06591796875 0.14208984375
0 0.64501953125 0.90673828125 0.06591796875 0.14306640625
0 0.7119140625 0.908203125 0.068359375 0.14013671875
0 0.77880859375 0.908203125 0.06494140625 0.14013671875
0 0.77880859375 0.7666015625 0.06591796875 0.14111328125
1 0.7119140625 0.76611328125 0.0673828125 0.14013671875
1 0.64453125 0.765625 0.06787109375 0.14111328125
1 0.578125 0.76611328125 0.06494140625 0.14208984375
0 0.51416015625 0.765625 0.0634765625 0.14306640625
1 0.44775390625 0.7646484375 0.068359375 0.14111328125
1 0.38232421875 0.7646484375 0.06298828125 0.14111328125
0 0.31640625 0.763671875 0.0712890625 0.14111328125
1 0.24658203125 0.76416015625 0.068359375 0.14013671875
1 0.1796875 0.76416015625 0.06494140625 0.14013671875
1 0.1142578125 0.76416015625 0.06591796875 0.14013671875
0 0.91650390625 0.765625 0.0771484375 0.14697265625
0 0.91552734375 0.90771484375 0.07666015625 0.14111328125
0 0.9140625 0.4619140625 0.0751953125 0.13818359375
0 0.84228515625 0.46240234375 0.068359375 0.13720703125
1 0.775390625 0.46240234375 0.0693359375 0.13916015625
1 0.7080078125 0.46240234375 0.06494140625 0.13916015625
1 0.642578125 0.46240234375 0.06640625 0.13916015625
1 0.57666015625 0.46240234375 0.06494140625 0.13916015625
1 0.51318359375 0.46142578125 0.06201171875 0.14111328125
1 0.44873046875 0.46142578125 0.06640625 0.14111328125
1 0.38134765625 0.4619140625 0.068359375 0.14013671875
1 0.31298828125 0.4609375 0.06787109375 0.14208984375
1 0.24609375 0.4609375 0.06640625 0.14208984375
1 0.18017578125 0.46044921875 0.06591796875 0.14306640625
1 0.11328125 0.46044921875 0.06787109375 0.14306640625
0 0.9140625 0.32177734375 0.07568359375 0.14013671875
1 0.84326171875 0.32177734375 0.06640625 0.14013671875
1 0.7763671875 0.32177734375 0.0673828125 0.14013671875
1 0.70947265625 0.3232421875 0.06787109375 0.14013671875
1 0.64404296875 0.322265625 0.0634765625 0.14111328125
1 0.578125 0.32177734375 0.06787109375 0.14013671875
1 0.51025390625 0.3203125 0.06787109375 0.14306640625
1 0.4443359375 0.3193359375 0.064453125 0.14111328125
1 0.37890625 0.31982421875 0.06640625 0.14013671875
1 0.31201171875 0.3193359375 0.0673828125 0.13916015625
1 0.2451171875 0.31982421875 0.06640625 0.13818359375
1 0.17822265625 0.3193359375 0.06787109375 0.13720703125
1 0.111328125 0.31884765625 0.06591796875 0.13818359375