1 0.712891 0.836670 0.779297 0.836670 0.779297 0.993408 0.712891 0.993408
0 0.277344 0.388184 0.331055 0.388184 0.331055 0.525879 0.277344 0.525879
0 0.654785 0.839355 0.715332 0.839355 0.715332 0.988770 0.654785 0.988770
0 0.244629 0.114746 0.298340 0.114746 0.298340 0.245605 0.244629 0.245605
0 0.134277 0.386719 0.218262 0.386719 0.218262 0.528320 0.134277 0.528320
1 0.126953 0.111328 0.184570 0.111328 0.184570 0.244141 0.126953 0.244141
1 0.184570 0.115234 0.242188 0.115234 0.242188 0.244141 0.184570 0.244141
1 0.298828 0.117188 0.354492 0.117188 0.354492 0.243164 0.298828 0.243164
1 0.354492 0.116211 0.410156 0.116211 0.410156 0.243164 0.354492 0.243164
1 0.410156 0.116211 0.467773 0.116211 0.467773 0.246094 0.410156 0.246094
1 0.467773 0.117188 0.520508 0.117188 0.520508 0.246094 0.467773 0.246094
1 0.520508 0.118164 0.580078 0.118164 0.580078 0.248047 0.520508 0.248047
1 0.580078 0.118164 0.631836 0.118164 0.631836 0.248047 0.580078 0.248047
1 0.631836 0.118164 0.692383 0.118164 0.692383 0.246094 0.631836 0.246094
1 0.217773 0.388672 0.279297 0.388672 0.279297 0.529297 0.217773 0.529297
1 0.334961 0.388672 0.394531 0.388672 0.394531 0.526367 0.334961 0.526367
1 0.394531 0.390625 0.452148 0.390625 0.452148 0.526367 0.394531 0.526367
1 0.452148 0.390625 0.510742 0.390625 0.510742 0.527344 0.452148 0.527344
1 0.510742 0.388672 0.568359 0.388672 0.568359 0.527344 0.510742 0.527344
1 0.568359 0.388672 0.623047 0.388672 0.623047 0.525391 0.568359 0.525391
1 0.623047 0.388672 0.679688 0.388672 0.679688 0.525391 0.623047 0.525391
1 0.679688 0.388672 0.741211 0.388672 0.741211 0.528320 0.679688 0.528320
1 0.741211 0.388672 0.793945 0.388672 0.793945 0.528320 0.741211 0.528320
1 0.133789 0.530273 0.195312 0.530273 0.195312 0.677734 0.133789 0.677734
1 0.195312 0.530273 0.256836 0.530273 0.256836 0.677734 0.195312 0.677734
1 0.255859 0.530273 0.316406 0.530273 0.316406 0.676758 0.255859 0.676758
1 0.316406 0.528320 0.373047 0.528320 0.373047 0.677734 0.316406 0.677734
1 0.373047 0.528320 0.431641 0.528320 0.431641 0.672852 0.373047 0.672852
1 0.432617 0.529297 0.490234 0.529297 0.490234 0.673828 0.432617 0.673828
1 0.490234 0.529297 0.549805 0.529297 0.549805 0.669922 0.490234 0.669922
1 0.549805 0.527344 0.610352 0.527344 0.610352 0.669922 0.549805 0.669922
1 0.610352 0.527344 0.667969 0.527344 0.667969 0.673828 0.610352 0.673828
1 0.667969 0.527344 0.725586 0.527344 0.725586 0.673828 0.667969 0.673828
1 0.725586 0.527344 0.784180 0.527344 0.784180 0.671875 0.725586 0.671875
1 0.784180 0.529297 0.836914 0.529297 0.836914 0.671875 0.784180 0.671875
1 0.139648 0.836914 0.227539 0.836914 0.227539 0.993164 0.139648 0.993164
1 0.228516 0.836914 0.289062 0.836914 0.289062 0.995117 0.228516 0.995117
1 0.289062 0.836914 0.348633 0.836914 0.348633 0.995117 0.289062 0.995117
1 0.348633 0.833984 0.410156 0.833984 0.410156 0.995117 0.348633 0.995117
1 0.410156 0.833984 0.469727 0.833984 0.469727 0.992188 0.410156 0.992188
1 0.469727 0.835938 0.530273 0.835938 0.530273 0.992188 0.469727 0.992188
1 0.530273 0.835938 0.592773 0.835938 0.592773 0.990234 0.530273 0.990234
1 0.591797 0.840820 0.653320 0.840820 0.653320 0.990234 0.591797 0.990234
1 0.774414 0.835938 0.835938 0.835938 0.835938 0.994141 0.774414 0.994141
1 0.835938 0.837891 0.894531 0.837891 0.894531 0.994141 0.835938 0.994141
1 0.894531 0.837891 0.959961 0.837891 0.959961 0.997070 0.894531 0.997070
1 0.845703 0.183594 0.871094 0.251953 0.962891 0.188477 0.933594 0.125977
1 0.933594 0.125977 0.906250 0.060547 0.818359 0.112305 0.843750 0.181641
1 0.871094 0.000000 0.796875 0.043945 0.819336 0.111328 0.905273 0.057617
1 0.960938 0.188477 0.871094 0.248047 0.893555 0.314453 0.990234 0.256836
