1 0.74609375 0.9150390625 0.06640625 0.15673828125
0 0.30419921875 0.45703125 0.0537109375 0.1376953125
0 0.68505859375 0.9140625 0.060546875 0.1494140625
0 0.271484375 0.18017578125 0.0537109375 0.130859375
0 0.17626953125 0.45751953125 0.083984375 0.1416015625
1 0.15576171875 0.177734375 0.0576171875 0.1328125
1 0.21337890625 0.1796875 0.0576171875 0.12890625
1 0.32666015625 0.18017578125 0.0556640625 0.1259765625
1 0.38232421875 0.1796875 0.0556640625 0.126953125
1 0.43896484375 0.18115234375 0.0576171875 0.1298828125
1 0.494140625 0.181640625 0.052734375 0.12890625
1 0.55029296875 0.18310546875 0.0595703125 0.1298828125
1 0.60595703125 0.18310546875 0.0517578125 0.1298828125
1 0.662109375 0.18212890625 0.060546875 0.1279296875
1 0.24853515625 0.458984375 0.0615234375 0.140625
1 0.36474609375 0.45751953125 0.0595703125 0.1376953125
1 0.42333984375 0.45849609375 0.0576171875 0.1357421875
1 0.4814453125 0.458984375 0.05859375 0.13671875
1 0.53955078125 0.4580078125 0.0576171875 0.138671875
1 0.595703125 0.45703125 0.0546875 0.13671875
1 0.6513671875 0.45703125 0.056640625 0.13671875
1 0.71044921875 0.45849609375 0.0615234375 0.1396484375
1 0.767578125 0.45849609375 0.052734375 0.1396484375
1 0.16455078125 0.60400390625 0.0615234375 0.1474609375
1 0.22607421875 0.60400390625 0.0615234375 0.1474609375
1 0.2861328125 0.603515625 0.060546875 0.146484375
1 0.3447265625 0.60302734375 0.056640625 0.1494140625
1 0.40234375 0.6005859375 0.05859375 0.14453125
1 0.46142578125 0.6015625 0.0576171875 0.14453125
1 0.52001953125 0.599609375 0.0595703125 0.140625
1 0.580078125 0.5986328125 0.060546875 0.142578125
1 0.63916015625 0.6005859375 0.0576171875 0.146484375
1 0.69677734375 0.6005859375 0.0576171875 0.146484375
1 0.7548828125 0.599609375 0.05859375 0.14453125
1 0.810546875 0.6005859375 0.052734375 0.142578125
1 0.18359375 0.9150390625 0.087890625 0.15625
1 0.2587890625 0.916015625 0.060546875 0.158203125
1 0.31884765625 0.916015625 0.0595703125 0.158203125
1 0.37939453125 0.91455078125 0.0615234375 0.1611328125
1 0.43994140625 0.9130859375 0.0595703125 0.158203125
1 0.5 0.9140625 0.060546875 0.15625
1 0.5615234375 0.9130859375 0.0625 0.154296875
1 0.62255859375 0.91552734375 0.0615234375 0.1494140625
1 0.80517578125 0.9150390625 0.0615234375 0.158203125
1 0.865234375 0.916015625 0.05859375 0.15625
1 0.92724609375 0.91748046875 0.0654296875 0.1591796875
1 0.845703125 0.18359375 0.87109375 0.251953125 0.962890625 0.1884765625 0.93359375 0.1259765625 0.845703125 0.18359375
1 0.93359375 0.1259765625 0.90625 0.060546875 0.818359375 0.1123046875 0.84375 0.181640625 0.93359375 0.1259765625
1 0.87109375 0 0.796875 0.0439453125 0.8193359375 0.111328125 0.9052734375 0.0576171875 0.87109375 0
1 0.9609375 0.1884765625 0.87109375 0.248046875 0.8935546875 0.314453125 0.990234375 0.2568359375 0.9609375 0.1884765625