1 0.126953 0.110107 0.183594 0.110107 0.183594 0.246338 0.126953 0.246338
1 0.183350 0.110107 0.243408 0.110107 0.243408 0.246338 0.183350 0.246338
0 0.243408 0.110107 0.297607 0.110107 0.297607 0.247314 0.243408 0.247314
1 0.297852 0.114258 0.356445 0.114258 0.356445 0.247070 0.297852 0.247070
1 0.356445 0.114258 0.410156 0.114258 0.410156 0.246094 0.356445 0.246094
1 0.409912 0.116211 0.467041 0.116211 0.467041 0.246094 0.409912 0.246094
1 0.467285 0.116211 0.520996 0.116211 0.520996 0.246094 0.467285 0.246094
1 0.522461 0.115234 0.580078 0.115234 0.580078 0.244141 0.522461 0.244141
1 0.579834 0.115234 0.634033 0.115234 0.634033 0.246094 0.579834 0.246094
1 0.634033 0.115234 0.689209 0.115234 0.689209 0.246094 0.634033 0.246094
0 0.130615 0.386963 0.218994 0.386963 0.218994 0.530029 0.130615 0.530029
1 0.219482 0.386963 0.276611 0.386963 0.276611 0.526123 0.219482 0.526123
0 0.276367 0.387939 0.333984 0.387939 0.333984 0.524170 0.276367 0.524170
1 0.334229 0.387939 0.393311 0.387939 0.393311 0.527100 0.334229 0.527100
1 0.393311 0.387939 0.453369 0.387939 0.453369 0.525146 0.393311 0.525146
1 0.452393 0.386963 0.509521 0.386963 0.509521 0.527100 0.452393 0.527100
1 0.509277 0.388916 0.564941 0.388916 0.564941 0.527100 0.509277 0.527100
1 0.565674 0.388916 0.624756 0.388916 0.624756 0.528076 0.565674 0.528076
1 0.623535 0.388916 0.680176 0.388916 0.680176 0.526123 0.623535 0.526123
1 0.680176 0.389893 0.738770 0.389893 0.738770 0.529053 0.680176 0.529053
1 0.739258 0.388916 0.795898 0.388916 0.795898 0.528076 0.739258 0.528076
1 0.132568 0.529053 0.195557 0.529053 0.195557 0.677979 0.132568 0.677979
1 0.195801 0.528076 0.256348 0.528076 0.256348 0.677979 0.195801 0.677979
1 0.256592 0.528076 0.315674 0.528076 0.315674 0.677979 0.256592 0.677979
1 0.315674 0.528076 0.374756 0.528076 0.374756 0.677002 0.315674 0.677002
1 0.375488 0.526123 0.434082 0.526123 0.434082 0.677002 0.375488 0.677002
1 0.434570 0.527100 0.492188 0.527100 0.492188 0.677002 0.434570 0.677002
1 0.491943 0.528076 0.549072 0.528076 0.549072 0.677002 0.491943 0.677002
1 0.549072 0.528076 0.609131 0.528076 0.609131 0.674072 0.549072 0.674072
1 0.609375 0.527100 0.666016 0.527100 0.666016 0.674072 0.609375 0.674072
1 0.665771 0.527100 0.725830 0.527100 0.725830 0.673096 0.665771 0.673096
1 0.726562 0.528076 0.782227 0.528076 0.782227 0.674072 0.726562 0.674072
1 0.784180 0.527100 0.840820 0.527100 0.840820 0.675049 0.784180 0.675049
1 0.142090 0.837891 0.225098 0.837891 0.225098 0.996094 0.142090 0.996094
1 0.223389 0.837891 0.288330 0.837891 0.288330 0.996094 0.223389 0.996094
1 0.288574 0.837891 0.350098 0.837891 0.350098 0.996094 0.288574 0.996094
1 0.349854 0.837891 0.409912 0.837891 0.409912 0.997070 0.349854 0.997070
1 0.410156 0.836914 0.471680 0.836914 0.471680 0.997070 0.410156 0.997070
1 0.471436 0.836914 0.533447 0.836914 0.533447 0.994141 0.471436 0.994141
1 0.533447 0.835938 0.590576 0.835938 0.590576 0.994141 0.533447 0.994141
1 0.590820 0.835938 0.655273 0.835938 0.655273 0.993164 0.590820 0.993164
0 0.655029 0.837158 0.714111 0.837158 0.714111 0.992920 0.655029 0.992920
1 0.714111 0.837158 0.776123 0.837158 0.776123 0.992920 0.714111 0.992920
1 0.776611 0.838135 0.835693 0.838135 0.835693 0.992920 0.776611 0.992920
1 0.835693 0.838135 0.897705 0.838135 0.897705 0.993896 0.835693 0.993896
1 0.897705 0.833984 0.960693 0.833984 0.960693 0.994141 0.897705 0.994141
1 0.935000 0.123000 0.843571 0.182000 0.870714 0.251000 0.962857 0.189000
1 0.990714 0.255000 0.962857 0.189000 0.870714 0.252000 0.895000 0.318000
1 0.910714 0.055000 0.819286 0.114000 0.845714 0.183000 0.934286 0.122000
