1 0.162857 0.797000 0.105714 0.795000 0.092143 0.930000 0.152857 0.930000
1 0.162857 0.797000 0.151429 0.933000 0.213571 0.932000 0.222857 0.798000
1 0.222857 0.798000 0.212857 0.935000 0.274286 0.933000 0.281429 0.798000
1 0.281429 0.798000 0.273571 0.935000 0.336429 0.935000 0.342143 0.797000
1 0.342143 0.797000 0.335714 0.936000 0.395714 0.936000 0.398571 0.799000
1 0.398571 0.799000 0.395000 0.936000 0.457143 0.934000 0.457143 0.797000
1 0.457857 0.796000 0.455714 0.933000 0.514286 0.933000 0.512857 0.796000
1 0.512857 0.796000 0.512857 0.933000 0.570714 0.933000 0.566429 0.797000
1 0.566429 0.797000 0.571429 0.934000 0.634286 0.935000 0.627143 0.797000
1 0.627143 0.797000 0.632857 0.933000 0.692143 0.931000 0.680000 0.797000
1 0.680000 0.798000 0.690714 0.931000 0.750714 0.930000 0.735000 0.797000
1 0.736429 0.799000 0.748571 0.926000 0.806429 0.926000 0.790000 0.796000
1 0.789286 0.797000 0.805714 0.927000 0.857857 0.926000 0.837857 0.795000
1 0.837857 0.795000 0.857143 0.926000 0.910000 0.923000 0.889286 0.794000
1 0.960000 0.920000 0.936429 0.793000 0.888571 0.795000 0.910714 0.923000
1 0.297857 0.514000 0.243571 0.513000 0.237857 0.635000 0.292857 0.637000
1 0.292857 0.637000 0.346429 0.637000 0.349286 0.517000 0.298571 0.514000
1 0.350000 0.517000 0.347143 0.638000 0.400714 0.638000 0.400000 0.517000
1 0.400000 0.517000 0.397857 0.637000 0.450000 0.637000 0.450000 0.517000
1 0.450000 0.517000 0.448571 0.637000 0.502143 0.639000 0.501429 0.516000
1 0.501429 0.516000 0.504286 0.641000 0.557857 0.642000 0.552143 0.519000
1 0.552143 0.519000 0.557857 0.643000 0.607857 0.643000 0.600714 0.519000
1 0.647857 0.523000 0.601429 0.523000 0.609286 0.640000 0.660714 0.641000
1 0.649286 0.524000 0.662857 0.642000 0.712857 0.643000 0.697857 0.525000
1 0.747143 0.525000 0.697143 0.525000 0.712143 0.640000 0.763571 0.640000
1 0.748571 0.525000 0.762857 0.640000 0.813571 0.643000 0.793571 0.526000
0 1.000000 0.642000 0.975000 0.530000 0.931429 0.530000 0.958571 0.643000
1 0.931429 0.530000 0.886429 0.530000 0.910000 0.643000 0.957857 0.642000
1 0.910714 0.644000 0.886429 0.530000 0.840000 0.527000 0.863571 0.645000
1 0.840000 0.527000 0.792857 0.527000 0.811429 0.642000 0.863571 0.642000
0 0.951429 0.431000 0.907143 0.432000 0.930000 0.532000 0.974286 0.529000
1 0.930714 0.531000 0.908571 0.429000 0.866429 0.427000 0.887143 0.530000
1 0.839286 0.528000 0.887143 0.528000 0.865000 0.428000 0.822143 0.426000
1 0.823571 0.427000 0.776429 0.424000 0.791429 0.527000 0.837857 0.526000
1 0.747857 0.526000 0.791429 0.526000 0.775714 0.426000 0.732143 0.424000
1 0.697143 0.522000 0.746429 0.522000 0.732143 0.425000 0.685000 0.423000
1 0.697857 0.524000 0.685714 0.424000 0.640000 0.422000 0.648571 0.522000
1 0.650000 0.524000 0.640714 0.420000 0.593571 0.419000 0.600000 0.524000
1 0.600000 0.521000 0.592143 0.420000 0.547143 0.418000 0.552857 0.520000
1 0.551429 0.520000 0.546429 0.417000 0.496429 0.416000 0.501429 0.519000
1 0.501429 0.518000 0.495000 0.415000 0.447857 0.414000 0.449286 0.517000
1 0.450714 0.517000 0.448571 0.413000 0.399286 0.412000 0.400000 0.516000
1 0.398571 0.517000 0.398571 0.411000 0.352857 0.411000 0.348571 0.515000
1 0.349286 0.516000 0.352143 0.411000 0.303571 0.409000 0.299286 0.514000
1 0.298571 0.513000 0.303571 0.409000 0.253571 0.409000 0.245714 0.512000
1 0.271429 0.207000 0.265714 0.297000 0.311429 0.299000 0.314286 0.210000
1 0.360000 0.211000 0.314286 0.210000 0.310714 0.298000 0.357143 0.299000
1 0.404286 0.213000 0.358571 0.211000 0.357857 0.296000 0.402857 0.299000
1 0.403571 0.212000 0.404286 0.300000 0.445000 0.301000 0.446429 0.300000
1 0.492143 0.301000 0.490000 0.212000 0.446429 0.212000 0.447143 0.301000
1 0.492143 0.304000 0.537857 0.306000 0.533571 0.219000 0.488571 0.216000
1 0.577857 0.224000 0.536429 0.221000 0.538571 0.304000 0.582857 0.306000
1 0.582857 0.308000 0.627857 0.310000 0.620714 0.228000 0.577857 0.224000
1 0.661429 0.226000 0.619286 0.226000 0.627857 0.306000 0.671429 0.309000
1 0.712857 0.313000 0.703571 0.230000 0.663571 0.228000 0.669286 0.312000
1 0.713571 0.312000 0.759286 0.313000 0.747143 0.232000 0.702143 0.231000
1 0.784286 0.236000 0.745714 0.233000 0.758571 0.312000 0.797857 0.314000
1 0.795714 0.314000 0.842143 0.316000 0.824286 0.235000 0.783571 0.235000
1 0.275000 0.127000 0.272143 0.206000 0.314286 0.207000 0.317143 0.131000
1 0.360714 0.134000 0.317143 0.131000 0.314286 0.207000 0.360000 0.210000
1 0.360000 0.211000 0.404286 0.213000 0.402857 0.137000 0.357857 0.135000
1 0.446429 0.141000 0.403571 0.138000 0.405000 0.209000 0.447143 0.212000
1 0.446429 0.211000 0.492143 0.213000 0.489286 0.141000 0.445714 0.139000
1 0.531429 0.144000 0.487857 0.141000 0.491429 0.214000 0.535000 0.216000
1 0.536429 0.216000 0.577143 0.219000 0.572143 0.147000 0.532143 0.147000
1 0.615714 0.149000 0.571429 0.147000 0.575714 0.221000 0.621429 0.222000
0 0.620000 0.224000 0.661429 0.225000 0.651429 0.150000 0.615000 0.149000
1 0.691429 0.152000 0.652143 0.151000 0.660714 0.225000 0.702143 0.228000
0 0.702143 0.230000 0.744286 0.232000 0.731429 0.153000 0.690714 0.153000
1 0.771429 0.155000 0.732857 0.154000 0.745714 0.233000 0.784286 0.235000
1 0.784286 0.235000 0.826429 0.234000 0.812857 0.156000 0.770714 0.156000
