1 0.240234 0.638672 0.291016 0.639648 0.297852 0.512695 0.244141 0.511719
1 0.352539 0.514648 0.297852 0.512695 0.292969 0.638672 0.346680 0.638672
1 0.345703 0.639648 0.398438 0.638672 0.401367 0.517578 0.347656 0.514648
1 0.449219 0.518555 0.399414 0.515625 0.397461 0.639648 0.452148 0.635742
1 0.449219 0.516602 0.451172 0.637695 0.505859 0.640625 0.501953 0.518555
1 0.503906 0.518555 0.503906 0.638672 0.558594 0.642578 0.555664 0.518555
1 0.604492 0.520508 0.555664 0.518555 0.556641 0.641602 0.610352 0.642578
1 0.611328 0.641602 0.662109 0.641602 0.650391 0.521484 0.601562 0.521484
1 0.699219 0.523438 0.651367 0.522461 0.662109 0.641602 0.713867 0.640625
1 0.714844 0.641602 0.762695 0.642578 0.748047 0.523438 0.696289 0.523438
1 0.747070 0.525391 0.762695 0.641602 0.814453 0.642578 0.792969 0.524414
1 0.839844 0.525391 0.792969 0.524414 0.813477 0.640625 0.864258 0.645508
1 0.861328 0.644531 0.910156 0.642578 0.885742 0.527344 0.841797 0.525391
1 0.912109 0.641602 0.960938 0.644531 0.933594 0.530273 0.885742 0.529297
1 0.303711 0.409180 0.253906 0.408203 0.245117 0.508789 0.299805 0.510742
1 0.298828 0.512695 0.348633 0.515625 0.353516 0.413086 0.303711 0.410156
1 0.403320 0.416016 0.355469 0.414062 0.345703 0.513672 0.400391 0.514648
1 0.398438 0.514648 0.453125 0.515625 0.451172 0.415039 0.401367 0.414062
1 0.449219 0.416992 0.451172 0.514648 0.501953 0.517578 0.500000 0.417969
1 0.547852 0.417969 0.500000 0.417969 0.500000 0.518555 0.552734 0.517578
1 0.547852 0.417969 0.552734 0.520508 0.600586 0.520508 0.593750 0.419922
1 0.600586 0.520508 0.651367 0.521484 0.644531 0.419922 0.592773 0.417969
1 0.685547 0.421875 0.648438 0.420898 0.650391 0.520508 0.699219 0.522461
1 0.697266 0.521484 0.746094 0.523438 0.733398 0.420898 0.687500 0.421875
1 0.777344 0.425781 0.735352 0.424805 0.746094 0.520508 0.791016 0.522461
1 0.790039 0.524414 0.838867 0.525391 0.826172 0.423828 0.779297 0.420898
1 0.870117 0.425781 0.824219 0.425781 0.842773 0.525391 0.885742 0.529297
1 0.883789 0.526367 0.933594 0.526367 0.914062 0.429688 0.868164 0.426758
1 0.264648 0.296875 0.310547 0.297852 0.313477 0.214844 0.271484 0.217773
1 0.311523 0.298828 0.356445 0.299805 0.360352 0.215820 0.316406 0.212891
1 0.358398 0.297852 0.403320 0.297852 0.404297 0.220703 0.360352 0.219727
1 0.446289 0.223633 0.404297 0.220703 0.402344 0.300781 0.449219 0.300781
1 0.448242 0.299805 0.492188 0.304688 0.491211 0.226562 0.446289 0.225586
1 0.534180 0.230469 0.490234 0.228516 0.493164 0.305664 0.538086 0.308594
1 0.540039 0.306641 0.581055 0.310547 0.577148 0.231445 0.534180 0.231445
1 0.580078 0.307617 0.625977 0.310547 0.618164 0.234375 0.577148 0.231445
1 0.627930 0.308594 0.670898 0.310547 0.665039 0.236328 0.618164 0.235352
1 0.703125 0.237305 0.663086 0.236328 0.670898 0.309570 0.713867 0.312500
1 0.747070 0.243164 0.703125 0.240234 0.714844 0.309570 0.755859 0.309570
1 0.758789 0.312500 0.798828 0.313477 0.789062 0.244141 0.747070 0.242188
1 0.828125 0.244141 0.790039 0.243164 0.798828 0.312500 0.842773 0.314453
1 0.841797 0.313477 0.886719 0.315430 0.871094 0.243164 0.829102 0.242188
1 0.910156 0.245117 0.870117 0.242188 0.889648 0.315430 0.931641 0.317383
1 0.935547 0.320312 0.969727 0.320312 0.950195 0.250977 0.912109 0.246094
1 0.164062 0.795898 0.105469 0.792969 0.085938 0.936523 0.155273 0.937500
1 0.213867 0.934570 0.223633 0.797852 0.165039 0.793945 0.156250 0.936523
1 0.283203 0.794922 0.227539 0.796875 0.212891 0.936523 0.278320 0.937500
1 0.343750 0.799805 0.281250 0.798828 0.276367 0.936523 0.336914 0.934570
1 0.336914 0.934570 0.393555 0.935547 0.396484 0.798828 0.340820 0.798828
1 0.453125 0.797852 0.396484 0.799805 0.394531 0.939453 0.458008 0.939453
1 0.455078 0.935547 0.523438 0.936523 0.516602 0.798828 0.452148 0.797852
1 0.573242 0.800781 0.516602 0.800781 0.522461 0.934570 0.580078 0.932617
1 0.579102 0.935547 0.638672 0.935547 0.627930 0.800781 0.569336 0.801758
1 0.685547 0.801758 0.630859 0.802734 0.635742 0.931641 0.697266 0.931641
1 0.698242 0.934570 0.750977 0.930664 0.740234 0.800781 0.687500 0.801758
1 0.792969 0.799805 0.741211 0.800781 0.751953 0.926758 0.807617 0.923828
1 0.809570 0.927734 0.854492 0.926758 0.837891 0.796875 0.794922 0.799805
1 0.853516 0.922852 0.915039 0.919922 0.890625 0.795898 0.837891 0.798828
1 0.939453 0.794922 0.892578 0.796875 0.913086 0.918945 0.967773 0.916992
0 0.937500 0.529297 0.971680 0.526367 0.953125 0.431641 0.915039 0.429688
1 0.272461 0.202148 0.315430 0.204102 0.321289 0.132812 0.276367 0.131836
1 0.361328 0.134766 0.319336 0.132812 0.316406 0.202148 0.359375 0.203125
1 0.362305 0.204102 0.403320 0.202148 0.403320 0.136719 0.361328 0.136719
1 0.444336 0.143555 0.405273 0.142578 0.403320 0.210938 0.446289 0.212891
1 0.450195 0.211914 0.495117 0.210938 0.491211 0.143555 0.444336 0.143555
1 0.489258 0.144531 0.493164 0.211914 0.535156 0.211914 0.530273 0.145508
1 0.572266 0.147461 0.530273 0.145508 0.533203 0.212891 0.576172 0.214844
1 0.575195 0.211914 0.617188 0.215820 0.612305 0.149414 0.572266 0.147461
0 0.620117 0.215820 0.658203 0.214844 0.650391 0.150391 0.611328 0.148438
1 0.657227 0.216797 0.700195 0.218750 0.691406 0.152344 0.651367 0.151367
1 0.732422 0.152344 0.691406 0.152344 0.699219 0.217773 0.742188 0.221680
1 0.745117 0.219727 0.782227 0.224609 0.771484 0.154297 0.734375 0.153320
1 0.782227 0.223633 0.823242 0.223633 0.810547 0.159180 0.771484 0.157227
