1 0.31201171875 0.62744140625 0.0634765625 0.1591796875
1 0.3798828125 0.27294921875 0.06201171875 0.13427734375
1 0.7041015625 0.61572265625 0.06396484375 0.1640625
1 0.70361328125 0.78125 0.06884765625 0.162109375
1 0.63818359375 0.78125 0.0634765625 0.1640625
1 0.1787109375 0.7900390625 0.068359375 0.169921875
1 0.89599609375 0.615234375 0.06640625 0.1669921875
1 0.18212890625 0.2724609375 0.064453125 0.1396484375
1 0.1796875 0.625 0.06640625 0.1640625
1 0.046875 0.6279296875 0.06884765625 0.15966796875
0 0.8310546875 0.2744140625 0.06689453125 0.13916015625
0 0.830078125 0.61474609375 0.06298828125 0.1640625
0 0.638671875 0.27587890625 0.06494140625 0.138671875
0 0.57275390625 0.08642578125 0.06640625 0.13671875
0 0.5732421875 0.27685546875 0.0654296875 0.13623046875
0 0.5107421875 0.275390625 0.06201171875 0.13330078125
0 0.44580078125 0.2763671875 0.06494140625 0.1357421875
1 0.44384765625 0.08740234375 0.06640625 0.1376953125
1 0.89404296875 0.0869140625 0.06640625 0.1376953125
1 0.7060546875 0.08740234375 0.06201171875 0.13525390625
1 0.7041015625 0.275390625 0.0634765625 0.1435546875
1 0.7685546875 0.27587890625 0.064453125 0.1416015625
1 0.2470703125 0.2724609375 0.068359375 0.138671875
1 0.31396484375 0.2744140625 0.0673828125 0.140625
1 0.11474609375 0.2734375 0.0712890625 0.140625
1 0.0478515625 0.27490234375 0.0625 0.1376953125
1 0.2509765625 0.08935546875 0.060546875 0.1318359375
1 0.31494140625 0.08935546875 0.0654296875 0.1337890625
1 0.50927734375 0.0869140625 0.0615234375 0.13671875
1 0.24609375 0.62548828125 0.064453125 0.1611328125
1 0.95849609375 0.77587890625 0.0654296875 0.1630859375
0 0.04248046875 0.79052734375 0.0693359375 0.1591796875
0 0.11279296875 0.79052734375 0.0634765625 0.1630859375
0 0.11328125 0.62841796875 0.06640625 0.1572265625
0 0.24462890625 0.7890625 0.0654296875 0.166015625
0 0.3095703125 0.7890625 0.064453125 0.1640625
0 0.375 0.78857421875 0.06640625 0.1630859375
0 0.44384765625 0.787109375 0.0712890625 0.166015625
0 0.51025390625 0.78662109375 0.0615234375 0.1650390625
0 0.57275390625 0.7861328125 0.0634765625 0.166015625
0 0.638671875 0.619140625 0.068359375 0.158203125
0 0.57177734375 0.62060546875 0.0654296875 0.1611328125
0 0.5087890625 0.62158203125 0.060546875 0.1591796875
0 0.44482421875 0.62255859375 0.0673828125 0.1611328125
0 0.3798828125 0.6240234375 0.0625 0.158203125
0 0.76708984375 0.61572265625 0.0654296875 0.1611328125
0 0.76904296875 0.779296875 0.0615234375 0.166015625
0 0.83349609375 0.78125 0.0615234375 0.1640625
0 0.89599609375 0.78076171875 0.0634765625 0.1630859375
0 0.9599609375 0.61376953125 0.060546875 0.1630859375
0 0.89599609375 0.2744140625 0.0634765625 0.138671875
0 0.958984375 0.2744140625 0.060546875 0.140625
0 0.95947265625 0.08642578125 0.0654296875 0.1396484375
0 0.8310546875 0.0869140625 0.0625 0.138671875
0 0.76904296875 0.08642578125 0.0634765625 0.1376953125
0 0.6396484375 0.087890625 0.0703125 0.140625
0 0.38037109375 0.0888671875 0.0654296875 0.13671875
0 0.10400390625 0.087890625 0.0908203125 0.1328125
0 0.1845703125 0.0888671875 0.0703125 0.130859375