0 0.058838 0.019775 0.150146 0.019775 0.150146 0.156982 0.058838 0.156982
0 0.150146 0.018799 0.218018 0.018799 0.218018 0.156982 0.150146 0.156982
1 0.217773 0.018799 0.279297 0.018799 0.279297 0.158936 0.217773 0.158936
1 0.279053 0.020752 0.346924 0.020752 0.346924 0.158936 0.279053 0.158936
0 0.347412 0.020752 0.412354 0.020752 0.412354 0.158936 0.347412 0.158936
1 0.412109 0.019775 0.479492 0.019775 0.479492 0.158936 0.412109 0.158936
1 0.479004 0.019775 0.540527 0.019775 0.540527 0.156982 0.479004 0.156982
0 0.540771 0.022949 0.606689 0.022949 0.606689 0.156738 0.540771 0.156738
0 0.606445 0.022949 0.672852 0.022949 0.672852 0.155762 0.606445 0.155762
1 0.672852 0.021973 0.736328 0.021973 0.736328 0.155762 0.672852 0.155762
0 0.736328 0.020996 0.800781 0.020996 0.800781 0.155762 0.736328 0.155762
0 0.800781 0.019775 0.862305 0.019775 0.862305 0.156006 0.800781 0.156006
1 0.862061 0.019775 0.927002 0.019775 0.927002 0.158936 0.862061 0.158936
0 0.927246 0.019775 0.991699 0.019775 0.991699 0.158936 0.927246 0.158936
0 0.927002 0.202881 0.989990 0.202881 0.989990 0.343994 0.927002 0.343994
0 0.863770 0.203857 0.927246 0.203857 0.927246 0.343994 0.863770 0.343994
0 0.798340 0.203857 0.864746 0.203857 0.864746 0.342041 0.798340 0.342041
1 0.737305 0.202881 0.798828 0.202881 0.798828 0.342041 0.737305 0.342041
1 0.671143 0.202881 0.737061 0.202881 0.737061 0.339111 0.671143 0.339111
0 0.605713 0.204102 0.671631 0.204102 0.671631 0.338867 0.605713 0.338867
0 0.541504 0.203857 0.605957 0.203857 0.605957 0.344971 0.541504 0.344971
0 0.479248 0.203857 0.541260 0.203857 0.541260 0.344971 0.479248 0.344971
0 0.411377 0.203857 0.479248 0.203857 0.479248 0.345947 0.411377 0.345947
1 0.348145 0.201904 0.411621 0.201904 0.411621 0.345947 0.348145 0.345947
1 0.278320 0.201904 0.347656 0.201904 0.347656 0.345947 0.278320 0.345947
1 0.215576 0.201904 0.278564 0.201904 0.278564 0.345947 0.215576 0.345947
1 0.149414 0.201904 0.215820 0.201904 0.215820 0.344971 0.149414 0.344971
1 0.081299 0.201904 0.149170 0.201904 0.149170 0.344971 0.081299 0.344971
1 0.015137 0.201904 0.081543 0.201904 0.081543 0.343018 0.015137 0.343018
1 0.011475 0.550781 0.079346 0.550781 0.079346 0.708984 0.011475 0.708984
0 0.079590 0.550781 0.147949 0.550781 0.147949 0.708984 0.079590 0.708984
1 0.147705 0.550781 0.212646 0.550781 0.212646 0.708008 0.147705 0.708008
1 0.212891 0.548828 0.280273 0.548828 0.280273 0.708008 0.212891 0.708008
1 0.280273 0.548828 0.343750 0.548828 0.343750 0.707031 0.280273 0.707031
0 0.343262 0.544922 0.410645 0.544922 0.410645 0.707031 0.343262 0.707031
0 0.410645 0.544922 0.478027 0.544922 0.478027 0.704102 0.410645 0.704102
0 0.477783 0.541016 0.542725 0.541016 0.542725 0.704102 0.477783 0.704102
0 0.542969 0.541016 0.606445 0.541016 0.606445 0.702148 0.542969 0.702148
0 0.606689 0.541016 0.671631 0.541016 0.671631 0.702148 0.606689 0.702148
1 0.671387 0.541016 0.735840 0.541016 0.735840 0.698242 0.671387 0.698242
0 0.737305 0.537109 0.800781 0.537109 0.800781 0.697266 0.737305 0.697266
0 0.800781 0.537109 0.864258 0.537109 0.864258 0.697266 0.800781 0.697266
1 0.864502 0.537109 0.929443 0.537109 0.929443 0.697266 0.864502 0.697266
0 0.929443 0.537109 0.989502 0.537109 0.989502 0.694336 0.929443 0.694336
1 0.928711 0.693848 0.989258 0.693848 0.989258 0.852051 0.928711 0.852051
0 0.862793 0.694824 0.929199 0.694824 0.929199 0.862793 0.862793 0.862793
0 0.800537 0.696777 0.862549 0.696777 0.862549 0.862793 0.800537 0.862793
0 0.736328 0.696777 0.800781 0.696777 0.800781 0.862793 0.736328 0.862793
1 0.671875 0.700195 0.736328 0.700195 0.736328 0.863281 0.671875 0.863281
1 0.605957 0.700195 0.672363 0.700195 0.672363 0.863281 0.605957 0.863281
0 0.544434 0.703125 0.605957 0.703125 0.605957 0.863281 0.544434 0.863281
0 0.477051 0.703125 0.544434 0.703125 0.544434 0.869141 0.477051 0.869141
0 0.410645 0.702148 0.477051 0.702148 0.477051 0.869141 0.410645 0.869141
0 0.341309 0.702148 0.410645 0.702148 0.410645 0.872070 0.341309 0.872070
0 0.277832 0.708008 0.341309 0.708008 0.341309 0.872070 0.277832 0.872070
0 0.211426 0.708008 0.277832 0.708008 0.277832 0.870117 0.211426 0.870117
1 0.145752 0.707031 0.211670 0.707031 0.211670 0.870117 0.145752 0.870117
0 0.077881 0.707031 0.145752 0.707031 0.145752 0.872070 0.077881 0.872070
0 0.010742 0.709961 0.078125 0.709961 0.078125 0.872070 0.010742 0.872070
