1 0.280273 0.547852 0.343750 0.547852 0.343750 0.707031 0.280273 0.707031
1 0.348877 0.205811 0.410889 0.205811 0.410889 0.340088 0.348877 0.340088
1 0.672119 0.533691 0.736084 0.533691 0.736084 0.697754 0.672119 0.697754
1 0.669189 0.700195 0.738037 0.700195 0.738037 0.862305 0.669189 0.862305
1 0.606445 0.699219 0.669922 0.699219 0.669922 0.863281 0.606445 0.863281
1 0.144531 0.705078 0.212891 0.705078 0.212891 0.875000 0.144531 0.875000
1 0.862793 0.531738 0.929199 0.531738 0.929199 0.698730 0.862793 0.698730
1 0.149902 0.202637 0.214355 0.202637 0.214355 0.342285 0.149902 0.342285
1 0.146484 0.542969 0.212891 0.542969 0.212891 0.707031 0.146484 0.707031
1 0.012451 0.548096 0.081299 0.548096 0.081299 0.707764 0.012451 0.707764
0 0.797607 0.204834 0.864502 0.204834 0.864502 0.343994 0.797607 0.343994
0 0.798584 0.532715 0.861572 0.532715 0.861572 0.696777 0.798584 0.696777
0 0.606201 0.206543 0.671143 0.206543 0.671143 0.345215 0.606201 0.345215
0 0.539551 0.018066 0.605957 0.018066 0.605957 0.154785 0.539551 0.154785
0 0.540527 0.208740 0.605957 0.208740 0.605957 0.344971 0.540527 0.344971
0 0.479736 0.208740 0.541748 0.208740 0.541748 0.342041 0.479736 0.342041
0 0.413330 0.208496 0.478271 0.208496 0.478271 0.344238 0.413330 0.344238
1 0.410645 0.018555 0.477051 0.018555 0.477051 0.156250 0.410645 0.156250
1 0.860840 0.018066 0.927246 0.018066 0.927246 0.155762 0.860840 0.155762
1 0.675049 0.019775 0.737061 0.019775 0.737061 0.155029 0.675049 0.155029
1 0.672363 0.203613 0.735840 0.203613 0.735840 0.347168 0.672363 0.347168
1 0.736328 0.205078 0.800781 0.205078 0.800781 0.346680 0.736328 0.346680
1 0.212891 0.203125 0.281250 0.203125 0.281250 0.341797 0.212891 0.341797
1 0.280273 0.204102 0.347656 0.204102 0.347656 0.344727 0.280273 0.344727
1 0.079102 0.203125 0.150391 0.203125 0.150391 0.343750 0.079102 0.343750
1 0.016602 0.206055 0.079102 0.206055 0.079102 0.343750 0.016602 0.343750
1 0.220703 0.023438 0.281250 0.023438 0.281250 0.155273 0.220703 0.155273
1 0.282227 0.022461 0.347656 0.022461 0.347656 0.156250 0.282227 0.156250
1 0.478516 0.018555 0.540039 0.018555 0.540039 0.155273 0.478516 0.155273
1 0.213867 0.544922 0.278320 0.544922 0.278320 0.706055 0.213867 0.706055
1 0.925781 0.694336 0.991211 0.694336 0.991211 0.857422 0.925781 0.857422
0 0.007812 0.710938 0.077148 0.710938 0.077148 0.870117 0.007812 0.870117
0 0.081055 0.708984 0.144531 0.708984 0.144531 0.872070 0.081055 0.872070
0 0.080078 0.549805 0.146484 0.549805 0.146484 0.707031 0.080078 0.707031
0 0.211914 0.706055 0.277344 0.706055 0.277344 0.872070 0.211914 0.872070
0 0.277344 0.707031 0.341797 0.707031 0.341797 0.871094 0.277344 0.871094
0 0.341797 0.707031 0.408203 0.707031 0.408203 0.870117 0.341797 0.870117
0 0.408203 0.704102 0.479492 0.704102 0.479492 0.870117 0.408203 0.870117
0 0.479492 0.704102 0.541016 0.704102 0.541016 0.869141 0.479492 0.869141
0 0.541016 0.703125 0.604492 0.703125 0.604492 0.869141 0.541016 0.869141
0 0.604492 0.540039 0.672852 0.540039 0.672852 0.698242 0.604492 0.698242
0 0.539062 0.540039 0.604492 0.540039 0.604492 0.701172 0.539062 0.701172
0 0.478516 0.541992 0.539062 0.541992 0.539062 0.701172 0.478516 0.701172
0 0.411133 0.541992 0.478516 0.541992 0.478516 0.703125 0.411133 0.703125
0 0.348633 0.544922 0.411133 0.544922 0.411133 0.703125 0.348633 0.703125
0 0.734375 0.535156 0.799805 0.535156 0.799805 0.696289 0.734375 0.696289
0 0.738281 0.696289 0.799805 0.696289 0.799805 0.862305 0.738281 0.862305
0 0.802734 0.699219 0.864258 0.699219 0.864258 0.863281 0.802734 0.863281
0 0.864258 0.699219 0.927734 0.699219 0.927734 0.862305 0.864258 0.862305
0 0.929688 0.532227 0.990234 0.532227 0.990234 0.695312 0.929688 0.695312
0 0.864258 0.205078 0.927734 0.205078 0.927734 0.343750 0.864258 0.343750
0 0.928711 0.204102 0.989258 0.204102 0.989258 0.344727 0.928711 0.344727
0 0.926758 0.016602 0.992188 0.016602 0.992188 0.156250 0.926758 0.156250
0 0.799805 0.017578 0.862305 0.017578 0.862305 0.156250 0.799805 0.156250
0 0.737305 0.017578 0.800781 0.017578 0.800781 0.155273 0.737305 0.155273
0 0.604492 0.017578 0.674805 0.017578 0.674805 0.158203 0.604492 0.158203
0 0.347656 0.020508 0.413086 0.020508 0.413086 0.157227 0.347656 0.157227
0 0.058594 0.021484 0.149414 0.021484 0.149414 0.154297 0.058594 0.154297
0 0.149414 0.023438 0.219727 0.023438 0.219727 0.154297 0.149414 0.154297
