1 0.168213 0.003174 0.264404 0.003174 0.264404 0.230225 0.168213 0.230225
0 0.264160 0.003174 0.359863 0.003174 0.359863 0.230225 0.264160 0.230225
0 0.359863 0.003174 0.455566 0.003174 0.455566 0.229248 0.359863 0.229248
1 0.455566 0.002197 0.549316 0.002197 0.549316 0.229248 0.455566 0.229248
1 0.549072 0.002197 0.644287 0.002197 0.644287 0.230225 0.549072 0.230225
0 0.644531 0.004150 0.740234 0.004150 0.740234 0.230225 0.644531 0.230225
1 0.740234 0.004150 0.835938 0.004150 0.835938 0.229248 0.740234 0.229248
1 0.835938 0.005127 0.931641 0.005127 0.931641 0.230225 0.835938 0.230225
0 0.834473 0.394775 0.932129 0.394775 0.932129 0.624756 0.834473 0.624756
1 0.740723 0.396240 0.834473 0.396240 0.834473 0.625244 0.740723 0.625244
1 0.646240 0.396240 0.740479 0.396240 0.740479 0.627197 0.646240 0.627197
1 0.550049 0.396240 0.646240 0.396240 0.646240 0.627197 0.550049 0.627197
1 0.454102 0.395752 0.549805 0.395752 0.549805 0.622803 0.454102 0.622803
1 0.360107 0.396729 0.454346 0.396729 0.454346 0.622803 0.360107 0.622803
1 0.264160 0.397217 0.359863 0.397217 0.359863 0.628174 0.264160 0.628174
1 0.168213 0.398193 0.264404 0.398193 0.264404 0.628174 0.168213 0.628174
1 0.167969 0.626221 0.263672 0.626221 0.263672 0.857178 0.167969 0.857178
0 0.263672 0.626221 0.359375 0.626221 0.359375 0.857178 0.263672 0.857178
0 0.359131 0.626221 0.454346 0.626221 0.454346 0.856201 0.359131 0.856201
1 0.454346 0.626221 0.548584 0.626221 0.548584 0.856201 0.454346 0.856201
1 0.548340 0.626221 0.644043 0.626221 0.644043 0.857178 0.548340 0.857178
0 0.644287 0.627197 0.740479 0.627197 0.740479 0.857178 0.644287 0.857178
1 0.740967 0.627197 0.835205 0.627197 0.835205 0.855225 0.740967 0.855225
1 0.834961 0.623779 0.930664 0.623779 0.930664 0.854736 0.834961 0.854736
