1 0.170898 0.625977 0.263672 0.625977 0.263672 0.855469 0.170898 0.855469
1 0.741699 0.002930 0.835449 0.002930 0.835449 0.228516 0.741699 0.228516
1 0.835693 0.626465 0.933838 0.626465 0.933838 0.852051 0.835693 0.852051
1 0.455811 0.000000 0.549072 0.000000 0.549072 0.229492 0.455811 0.229492
1 0.170410 0.395996 0.265137 0.395996 0.265137 0.625488 0.170410 0.625488
1 0.744141 0.627441 0.836914 0.627441 0.836914 0.854004 0.744141 0.854004
1 0.740234 0.396240 0.834961 0.396240 0.834961 0.624268 0.740234 0.624268
1 0.357422 0.395020 0.455078 0.395020 0.455078 0.626465 0.357422 0.626465
1 0.550293 0.626221 0.645996 0.626221 0.645996 0.856201 0.550293 0.856201
1 0.454834 0.395996 0.549072 0.395996 0.549072 0.626465 0.454834 0.626465
1 0.263916 0.395996 0.358154 0.395996 0.358154 0.627441 0.263916 0.627441
1 0.455078 0.625244 0.548828 0.625244 0.548828 0.858154 0.455078 0.858154
0 0.267090 0.627930 0.357910 0.627930 0.357910 0.855469 0.267090 0.855469
0 0.837402 0.395508 0.932129 0.395508 0.932129 0.625977 0.837402 0.625977
0 0.646484 0.005859 0.740234 0.005859 0.740234 0.230469 0.646484 0.230469
0 0.360840 0.001953 0.453613 0.001953 0.453613 0.231445 0.360840 0.231445
0 0.265625 0.000000 0.359375 0.000000 0.359375 0.229492 0.265625 0.229492
0 0.647949 0.625000 0.742676 0.625000 0.742676 0.855469 0.647949 0.855469
0 0.359375 0.628418 0.453125 0.628418 0.453125 0.860840 0.359375 0.860840
1 0.167480 0.000000 0.264160 0.000000 0.264160 0.226562 0.167480 0.226562
1 0.551758 0.001953 0.643555 0.001953 0.643555 0.230469 0.551758 0.230469
1 0.833984 0.002930 0.929688 0.002930 0.929688 0.231445 0.833984 0.231445
1 0.645508 0.396484 0.742188 0.396484 0.742188 0.622070 0.645508 0.622070
1 0.550781 0.397461 0.646484 0.397461 0.646484 0.625000 0.550781 0.625000
