1 0.061523 0.319336 0.127930 0.325195 0.144531 0.138672 0.075195 0.133789
1 0.208984 0.145508 0.144531 0.140625 0.127930 0.322266 0.195312 0.328125
1 0.195312 0.328125 0.267578 0.332031 0.280273 0.149414 0.210938 0.143555
1 0.344727 0.152344 0.281250 0.149414 0.266602 0.333984 0.334961 0.338867
1 0.339844 0.339844 0.404297 0.342773 0.412109 0.160156 0.343750 0.155273
1 0.477539 0.163086 0.413086 0.160156 0.403320 0.342773 0.471680 0.347656
1 0.471680 0.347656 0.541016 0.354492 0.545898 0.166992 0.477539 0.164062
1 0.606445 0.172852 0.543945 0.167969 0.541992 0.356445 0.609375 0.362305
1 0.610352 0.360352 0.678711 0.369141 0.677734 0.182617 0.609375 0.174805
1 0.682617 0.367188 0.746094 0.373047 0.742188 0.186523 0.677734 0.181641
1 0.808594 0.195312 0.743164 0.186523 0.747070 0.371094 0.812500 0.378906
1 0.815430 0.376953 0.882812 0.383789 0.876953 0.198242 0.809570 0.193359
1 0.941406 0.204102 0.876953 0.198242 0.881836 0.384766 0.949219 0.392578
1 0.675781 0.179688 0.744141 0.185547 0.737305 0.018555 0.673828 0.013672
1 0.808594 0.198242 0.801758 0.026367 0.739258 0.018555 0.742188 0.186523
1 0.117188 0.541992 0.041016 0.535156 0.025391 0.741211 0.095703 0.750000
1 0.098633 0.750000 0.164062 0.756836 0.183594 0.547852 0.114258 0.541992
1 0.250977 0.551758 0.183594 0.546875 0.169922 0.755859 0.240234 0.761719
1 0.251953 0.552734 0.241211 0.764648 0.316406 0.767578 0.327148 0.558594
1 0.315430 0.769531 0.388672 0.774414 0.398438 0.564453 0.328125 0.559570
1 0.466797 0.575195 0.400391 0.568359 0.388672 0.778320 0.462891 0.784180
1 0.458008 0.782227 0.535156 0.791992 0.541016 0.579102 0.461914 0.574219
1 0.533203 0.789062 0.607422 0.793945 0.610352 0.581055 0.540039 0.578125
1 0.678711 0.586914 0.610352 0.583008 0.610352 0.794922 0.678711 0.800781
1 0.680664 0.803711 0.750977 0.808594 0.750000 0.593750 0.678711 0.587891
1 0.818359 0.602539 0.752930 0.595703 0.751953 0.805664 0.826172 0.812500
1 0.828125 0.816406 0.895508 0.820312 0.888672 0.607422 0.816406 0.602539
1 0.962891 0.615234 0.890625 0.610352 0.895508 0.815430 0.968750 0.821289
1 0.304688 0.990234 0.377930 0.995117 0.388672 0.774414 0.316406 0.770508
1 0.316406 0.770508 0.241211 0.762695 0.228516 0.982422 0.302734 0.989258
1 0.150391 0.978516 0.224609 0.982422 0.241211 0.763672 0.168945 0.756836
1 0.170898 0.758789 0.098633 0.750000 0.076172 0.975586 0.152344 0.980469
1 0.000000 0.964844 0.080078 0.971680 0.096680 0.750977 0.023438 0.744141
0 0.808594 0.196289 0.876953 0.200195 0.868164 0.032227 0.803711 0.026367
0 0.942383 0.204102 0.932617 0.039062 0.868164 0.033203 0.875977 0.199219
