1 0.031738 0.238037 0.127441 0.238037 0.127441 0.508057 0.031738 0.508057
1 0.328613 0.543701 0.427246 0.543701 0.427246 0.815674 0.328613 0.815674
1 0.227051 0.544189 0.326660 0.544189 0.326660 0.815186 0.227051 0.815186
1 0.326172 0.242676 0.425781 0.242676 0.425781 0.508301 0.326172 0.508301
1 0.226074 0.242432 0.327637 0.242432 0.327637 0.507568 0.226074 0.507568
1 0.128906 0.238037 0.227539 0.238037 0.227539 0.507080 0.128906 0.507080
1 0.028809 0.543213 0.127441 0.543213 0.127441 0.815186 0.028809 0.815186
1 0.725586 0.245850 0.826172 0.245850 0.826172 0.505127 0.725586 0.505127
1 0.827881 0.543945 0.928955 0.543945 0.928955 0.820312 0.827881 0.820312
1 0.526367 0.244873 0.625000 0.244873 0.625000 0.508057 0.526367 0.508057
1 0.626221 0.543457 0.732178 0.543457 0.732178 0.815918 0.626221 0.815918
1 0.530273 0.545410 0.624023 0.545410 0.624023 0.815918 0.530273 0.815918
1 0.826660 0.243408 0.926270 0.243408 0.926270 0.507568 0.826660 0.507568
0 0.427979 0.242188 0.528076 0.242188 0.528076 0.508789 0.427979 0.508789
0 0.130127 0.542480 0.226318 0.542480 0.226318 0.812988 0.130127 0.812988
0 0.428955 0.546387 0.527100 0.546387 0.527100 0.816895 0.428955 0.816895
0 0.626709 0.248047 0.727783 0.248047 0.727783 0.506836 0.626709 0.506836
0 0.730469 0.546875 0.829102 0.546875 0.829102 0.814453 0.730469 0.814453
