1 0.07958984375 0.373046875 0.095703125 0.27001953125
1 0.3779296875 0.6796875 0.0986328125 0.27197265625
1 0.27685546875 0.6796875 0.099609375 0.27099609375
1 0.3759765625 0.37548828125 0.099609375 0.265625
1 0.27685546875 0.375 0.1015625 0.26513671875
1 0.17822265625 0.37255859375 0.0986328125 0.26904296875
1 0.078125 0.67919921875 0.0986328125 0.27197265625
1 0.77587890625 0.37548828125 0.1005859375 0.25927734375
1 0.87841796875 0.68212890625 0.10107421875 0.2763671875
1 0.57568359375 0.37646484375 0.0986328125 0.26318359375
1 0.67919921875 0.6796875 0.10595703125 0.2724609375
1 0.5771484375 0.6806640625 0.09375 0.2705078125
1 0.87646484375 0.37548828125 0.099609375 0.26416015625
0 0.47802734375 0.37548828125 0.10009765625 0.2666015625
0 0.17822265625 0.677734375 0.09619140625 0.2705078125
0 0.47802734375 0.681640625 0.09814453125 0.2705078125
0 0.67724609375 0.37744140625 0.10107421875 0.2587890625
0 0.77978515625 0.6806640625 0.0986328125 0.267578125