1 0.042969 0.111816 0.191406 0.111816 0.191406 0.487793 0.042969 0.487793
1 0.191650 0.114746 0.335693 0.114746 0.335693 0.487793 0.191650 0.487793
1 0.335693 0.114746 0.483643 0.114746 0.483643 0.485840 0.335693 0.485840
0 0.483643 0.114746 0.628662 0.114746 0.628662 0.485840 0.483643 0.485840
1 0.628662 0.114746 0.773682 0.114746 0.773682 0.485840 0.628662 0.485840
0 0.773682 0.112793 0.920654 0.112793 0.920654 0.488770 0.773682 0.488770
1 0.772705 0.535156 0.920654 0.535156 0.920654 0.908203 0.772705 0.908203
0 0.629395 0.537109 0.774902 0.537109 0.774902 0.908203 0.629395 0.908203
1 0.482178 0.537109 0.626221 0.537109 0.626221 0.909180 0.482178 0.909180
0 0.337158 0.537109 0.482178 0.537109 0.482178 0.907227 0.337158 0.907227
0 0.189209 0.538086 0.337158 0.538086 0.337158 0.907227 0.189209 0.907227
0 0.042236 0.538086 0.189209 0.538086 0.189209 0.909180 0.042236 0.909180
