1 0.041260 0.113770 0.189209 0.113770 0.189209 0.487793 0.041260 0.487793
1 0.775146 0.536621 0.919189 0.536621 0.919189 0.916504 0.775146 0.916504
1 0.628418 0.114502 0.771973 0.114502 0.771973 0.489014 0.628418 0.489014
1 0.480469 0.540283 0.625000 0.540283 0.625000 0.912842 0.480469 0.912842
1 0.337646 0.117676 0.480713 0.117676 0.480713 0.487793 0.337646 0.487793
1 0.188965 0.113037 0.333496 0.113037 0.333496 0.486572 0.188965 0.486572
0 0.044434 0.534424 0.187012 0.534424 0.187012 0.911865 0.044434 0.911865
0 0.770996 0.114502 0.919434 0.114502 0.919434 0.489990 0.770996 0.489990
0 0.627930 0.539795 0.772461 0.539795 0.772461 0.914307 0.627930 0.914307
0 0.481934 0.118408 0.626465 0.118408 0.626465 0.489014 0.481934 0.489014
0 0.338379 0.537354 0.479980 0.537354 0.479980 0.916748 0.338379 0.916748
0 0.192383 0.538330 0.335938 0.538330 0.335938 0.912842 0.192383 0.912842
