1 0.1171875 0.2998046875 0.1484375 0.3759765625
1 0.263671875 0.30126953125 0.14404296875 0.373046875
1 0.40966796875 0.30029296875 0.14794921875 0.37109375
0 0.55615234375 0.30029296875 0.14501953125 0.37109375
1 0.701171875 0.30029296875 0.14501953125 0.37109375
0 0.84716796875 0.30078125 0.14697265625 0.3759765625
1 0.8466796875 0.7216796875 0.14794921875 0.373046875
0 0.7021484375 0.72265625 0.1455078125 0.37109375
1 0.55419921875 0.72314453125 0.14404296875 0.3720703125
0 0.40966796875 0.72216796875 0.14501953125 0.3701171875
0 0.26318359375 0.72265625 0.14794921875 0.369140625
0 0.11572265625 0.7236328125 0.14697265625 0.37109375