1 0.421143 0.148193 0.487061 0.148193 0.487061 0.381104 0.421143 0.381104
1 0.552246 0.144775 0.618652 0.144775 0.618652 0.380615 0.552246 0.380615
1 0.554199 0.650391 0.622559 0.650391 0.622559 0.896484 0.554199 0.896484
1 0.285156 0.156006 0.356445 0.156006 0.356445 0.380127 0.285156 0.380127
1 0.359375 0.659912 0.421875 0.659912 0.421875 0.898682 0.359375 0.898682
1 0.296387 0.660889 0.359863 0.660889 0.359863 0.898682 0.296387 0.898682
1 0.688477 0.649658 0.753906 0.649658 0.753906 0.890381 0.688477 0.890381
1 0.231445 0.663574 0.293945 0.663574 0.293945 0.897949 0.231445 0.897949
1 0.752441 0.650391 0.816895 0.650391 0.816895 0.890625 0.752441 0.890625
1 0.881348 0.134277 0.943848 0.134277 0.943848 0.372559 0.881348 0.372559
1 0.682129 0.141357 0.749512 0.141357 0.749512 0.371338 0.682129 0.371338
1 0.100586 0.664062 0.161133 0.664062 0.161133 0.898438 0.100586 0.898438
1 0.161133 0.664062 0.229492 0.664062 0.229492 0.898438 0.161133 0.898438
1 0.421875 0.657227 0.490234 0.657227 0.490234 0.899414 0.421875 0.899414
1 0.490234 0.657227 0.554688 0.657227 0.554688 0.899414 0.490234 0.899414
1 0.623047 0.652344 0.686523 0.652344 0.686523 0.896484 0.623047 0.896484
1 0.818359 0.650391 0.886719 0.650391 0.886719 0.890625 0.818359 0.890625
1 0.886719 0.648438 0.953125 0.648438 0.953125 0.890625 0.886719 0.890625
1 0.812500 0.138672 0.880859 0.138672 0.880859 0.373047 0.812500 0.373047
1 0.747070 0.139648 0.815430 0.139648 0.815430 0.373047 0.747070 0.373047
1 0.613281 0.142578 0.680664 0.142578 0.680664 0.378906 0.613281 0.378906
1 0.487305 0.146484 0.551758 0.146484 0.551758 0.381836 0.487305 0.381836
1 0.166992 0.157227 0.224609 0.157227 0.224609 0.385742 0.166992 0.385742
1 0.224609 0.157227 0.286133 0.157227 0.286133 0.385742 0.224609 0.385742
1 0.102539 0.159180 0.162109 0.159180 0.162109 0.389648 0.102539 0.389648
0 0.354492 0.152344 0.420898 0.152344 0.420898 0.380859 0.354492 0.380859
