1 0.349609 0.120605 0.415039 0.120605 0.415039 0.341309 0.349609 0.341309
1 0.741455 0.117188 0.802490 0.117188 0.802490 0.339844 0.741455 0.339844
1 0.870117 0.635742 0.932617 0.635742 0.932617 0.904297 0.870117 0.904297
1 0.149170 0.666504 0.215088 0.666504 0.215088 0.922363 0.149170 0.922363
1 0.675781 0.653809 0.738281 0.653809 0.738281 0.908691 0.675781 0.908691
1 0.673340 0.119873 0.741699 0.119873 0.741699 0.339111 0.673340 0.339111
1 0.278809 0.666504 0.346191 0.666504 0.346191 0.919434 0.278809 0.919434
0 0.481689 0.121826 0.544678 0.121826 0.544678 0.338135 0.481689 0.338135
0 0.610352 0.655273 0.674805 0.655273 0.674805 0.910156 0.610352 0.910156
0 0.548340 0.655762 0.610840 0.655762 0.610840 0.910645 0.548340 0.910645
0 0.480225 0.656738 0.545166 0.656738 0.545166 0.911621 0.480225 0.911621
0 0.410889 0.662109 0.479736 0.662109 0.479736 0.913086 0.410889 0.913086
0 0.612793 0.121094 0.672363 0.121094 0.672363 0.340820 0.612793 0.340820
0 0.545898 0.121094 0.610352 0.121094 0.610352 0.338867 0.545898 0.338867
0 0.414795 0.121826 0.480713 0.121826 0.480713 0.339111 0.414795 0.339111
0 0.346436 0.663086 0.409424 0.663086 0.409424 0.915039 0.346436 0.915039
0 0.801514 0.644531 0.871338 0.644531 0.871338 0.906250 0.801514 0.906250
1 0.017578 0.117188 0.081055 0.117188 0.081055 0.337891 0.017578 0.337891
1 0.083984 0.118164 0.150391 0.118164 0.150391 0.339844 0.083984 0.339844
1 0.150391 0.118164 0.215820 0.118164 0.215820 0.341797 0.150391 0.341797
1 0.214844 0.119141 0.281250 0.119141 0.281250 0.342773 0.214844 0.342773
1 0.281250 0.119141 0.350586 0.119141 0.350586 0.340820 0.281250 0.340820
1 0.010742 0.669922 0.079102 0.669922 0.079102 0.920898 0.010742 0.920898
0 0.079102 0.668945 0.150391 0.668945 0.150391 0.920898 0.079102 0.920898
0 0.214844 0.665039 0.277344 0.665039 0.277344 0.921875 0.214844 0.921875
0 0.742188 0.647461 0.803711 0.647461 0.803711 0.908203 0.742188 0.908203
0 0.934570 0.642578 0.996094 0.642578 0.996094 0.907227 0.934570 0.907227
0 0.932617 0.116211 0.995117 0.116211 0.995117 0.341797 0.932617 0.341797
0 0.868164 0.116211 0.932617 0.116211 0.932617 0.342773 0.868164 0.342773
0 0.804688 0.116211 0.868164 0.116211 0.868164 0.340820 0.804688 0.340820
