0 0.96533203125 0.22509765625 0.06201171875 0.22607421875
0 0.90234375 0.2255859375 0.064453125 0.22509765625
0 0.83740234375 0.2265625 0.06640625 0.22705078125
1 0.7724609375 0.2265625 0.0634765625 0.22705078125
1 0.70751953125 0.2255859375 0.06640625 0.22509765625
0 0.64306640625 0.2255859375 0.06298828125 0.22509765625
0 0.578125 0.22705078125 0.06640625 0.22802734375
0 0.5126953125 0.22802734375 0.06494140625 0.22607421875
0 0.44677734375 0.22802734375 0.06640625 0.22607421875
1 0.38232421875 0.228515625 0.06298828125 0.22509765625
1 0.31591796875 0.228515625 0.06982421875 0.22509765625
1 0.2490234375 0.22998046875 0.06640625 0.22802734375
1 0.18310546875 0.23046875 0.06640625 0.22900390625
1 0.1171875 0.2294921875 0.06591796875 0.23095703125
1 0.0498046875 0.22900390625 0.0693359375 0.22998046875
0 0.96533203125 0.7724609375 0.0634765625 0.2568359375
1 0.9013671875 0.77392578125 0.064453125 0.259765625
0 0.8359375 0.7744140625 0.06640625 0.2587890625
0 0.77294921875 0.77587890625 0.06005859375 0.26220703125
1 0.70849609375 0.78076171875 0.068359375 0.251953125
0 0.64208984375 0.78271484375 0.064453125 0.2548828125
0 0.578125 0.783203125 0.0634765625 0.25390625
0 0.513671875 0.78515625 0.06591796875 0.2578125
0 0.44677734375 0.7861328125 0.06787109375 0.255859375
0 0.37939453125 0.78759765625 0.0673828125 0.2587890625
1 0.31298828125 0.79052734375 0.06494140625 0.2529296875
1 0.24609375 0.79248046875 0.0673828125 0.2548828125
1 0.1806640625 0.79443359375 0.06298828125 0.2529296875
0 0.11572265625 0.796875 0.06982421875 0.25390625
1 0.0458984375 0.79638671875 0.0693359375 0.2529296875