0 0.934326 0.112061 0.996338 0.112061 0.996338 0.338135 0.934326 0.338135
0 0.870117 0.113037 0.934570 0.113037 0.934570 0.338135 0.870117 0.338135
0 0.804199 0.113037 0.870605 0.113037 0.870605 0.340088 0.804199 0.340088
1 0.740723 0.113037 0.804199 0.113037 0.804199 0.340088 0.740723 0.340088
1 0.674316 0.113037 0.740723 0.113037 0.740723 0.338135 0.674316 0.338135
0 0.611572 0.113037 0.674561 0.113037 0.674561 0.338135 0.611572 0.338135
0 0.544922 0.113037 0.611328 0.113037 0.611328 0.341064 0.544922 0.341064
0 0.480225 0.114990 0.545166 0.114990 0.545166 0.341064 0.480225 0.341064
0 0.413574 0.114990 0.479980 0.114990 0.479980 0.341064 0.413574 0.341064
1 0.350830 0.115967 0.413818 0.115967 0.413818 0.341064 0.350830 0.341064
1 0.281006 0.115967 0.350830 0.115967 0.350830 0.341064 0.281006 0.341064
1 0.215820 0.115967 0.282227 0.115967 0.282227 0.343994 0.215820 0.343994
1 0.149902 0.115967 0.216309 0.115967 0.216309 0.344971 0.149902 0.344971
1 0.084229 0.114014 0.150146 0.114014 0.150146 0.344971 0.084229 0.344971
1 0.015137 0.114014 0.084473 0.114014 0.084473 0.343994 0.015137 0.343994
0 0.933594 0.644043 0.997070 0.644043 0.997070 0.900879 0.933594 0.900879
1 0.869141 0.644043 0.933594 0.644043 0.933594 0.903809 0.869141 0.903809
0 0.802734 0.645020 0.869141 0.645020 0.869141 0.903809 0.802734 0.903809
0 0.742920 0.644775 0.802979 0.644775 0.802979 0.906982 0.742920 0.906982
1 0.674316 0.654785 0.742676 0.654785 0.742676 0.906738 0.674316 0.906738
0 0.609863 0.655273 0.674316 0.655273 0.674316 0.910156 0.609863 0.910156
0 0.546387 0.656250 0.609863 0.656250 0.609863 0.910156 0.546387 0.910156
0 0.480713 0.656250 0.546631 0.656250 0.546631 0.914062 0.480713 0.914062
0 0.412842 0.658203 0.480713 0.658203 0.480713 0.914062 0.412842 0.914062
0 0.345703 0.658203 0.413086 0.658203 0.413086 0.916992 0.345703 0.916992
1 0.280518 0.664062 0.345459 0.664062 0.345459 0.916992 0.280518 0.916992
1 0.212402 0.665039 0.279785 0.665039 0.279785 0.919922 0.212402 0.919922
1 0.149170 0.667969 0.212158 0.667969 0.212158 0.920898 0.149170 0.920898
0 0.080811 0.669922 0.150635 0.669922 0.150635 0.923828 0.080811 0.923828
1 0.011230 0.669922 0.080566 0.669922 0.080566 0.922852 0.011230 0.922852
