1 0.357421875 0.544921875 0.103515625 0.0830078125
1 0.6904296875 0.7060546875 0.10400390625 0.08349609375
1 0.79736328125 0.62744140625 0.1064453125 0.072265625
1 0.6904296875 0.55078125 0.10986328125 0.078125
1 0.4619140625 0.38818359375 0.10546875 0.083984375
1 0.462890625 0.7001953125 0.1044921875 0.07763671875
1 0.126953125 0.54541015625 0.10009765625 0.078125
1 0.79638671875 0.30712890625 0.107421875 0.078125
1 0.69091796875 0.150390625 0.1064453125 0.0751953125
0 0.357421875 0.38671875 0.09912109375 0.078125
0 0.689453125 0.80126953125 0.10302734375 0.111328125
0 0.6904296875 0.22900390625 0.10009765625 0.080078125
0 0.68994140625 0.38671875 0.10400390625 0.076171875
0 0.4619140625 0.6240234375 0.10400390625 0.07421875
0 0.4619140625 0.46533203125 0.10400390625 0.078125
0 0.12646484375 0.06396484375 0.1025390625 0.0849609375
0 0.79638671875 0.80419921875 0.1064453125 0.1162109375
0 0.7978515625 0.70654296875 0.103515625 0.0791015625
1 0.35986328125 0.70361328125 0.1005859375 0.0751953125
1 0.35791015625 0.228515625 0.0986328125 0.08203125
1 0.12890625 0.224609375 0.099609375 0.083984375
1 0.1298828125 0.62646484375 0.103515625 0.0732421875
1 0.12890625 0.1455078125 0.09765625 0.0703125
0 0.12841796875 0.306640625 0.1025390625 0.078125
0 0.12890625 0.38623046875 0.103515625 0.0771484375
0 0.12646484375 0.46337890625 0.0986328125 0.0771484375
0 0.1259765625 0.70263671875 0.1015625 0.0751953125
0 0.3603515625 0.80078125 0.09765625 0.111328125
0 0.46240234375 0.7978515625 0.1064453125 0.10546875
0 0.35888671875 0.625 0.1005859375 0.07421875
0 0.357421875 0.46533203125 0.099609375 0.0771484375
0 0.3564453125 0.3095703125 0.103515625 0.0703125
0 0.4619140625 0.30908203125 0.107421875 0.0712890625
0 0.4619140625 0.22998046875 0.107421875 0.0869140625
0 0.4609375 0.14990234375 0.10546875 0.0732421875
0 0.46142578125 0.0712890625 0.1044921875 0.083984375
0 0.3603515625 0.068359375 0.09765625 0.078125
0 0.3603515625 0.1455078125 0.09765625 0.076171875
0 0.69189453125 0.0703125 0.1005859375 0.08203125
0 0.79638671875 0.07080078125 0.1044921875 0.0810546875
0 0.79736328125 0.14892578125 0.1064453125 0.0751953125
0 0.796875 0.22802734375 0.107421875 0.0830078125
0 0.6923828125 0.30810546875 0.1015625 0.0771484375
0 0.79638671875 0.38720703125 0.1083984375 0.0771484375
0 0.69091796875 0.4677734375 0.1123046875 0.078125
0 0.6904296875 0.6279296875 0.10546875 0.072265625
0 0.798828125 0.55224609375 0.10546875 0.0771484375
1 0.79833984375 0.4677734375 0.1025390625 0.083984375
1 0.46142578125 0.54541015625 0.1064453125 0.0791015625