1 0.305664 0.503418 0.409180 0.503418 0.409180 0.586426 0.305664 0.586426
1 0.638428 0.664307 0.742432 0.664307 0.742432 0.747803 0.638428 0.747803
1 0.744141 0.591309 0.850586 0.591309 0.850586 0.663574 0.744141 0.663574
1 0.635498 0.511719 0.745361 0.511719 0.745361 0.589844 0.635498 0.589844
1 0.409180 0.346191 0.514648 0.346191 0.514648 0.430176 0.409180 0.430176
1 0.410645 0.661377 0.515137 0.661377 0.515137 0.739014 0.410645 0.739014
1 0.076904 0.506348 0.177002 0.506348 0.177002 0.584473 0.076904 0.584473
1 0.742676 0.268066 0.850098 0.268066 0.850098 0.346191 0.742676 0.346191
1 0.637695 0.112793 0.744141 0.112793 0.744141 0.187988 0.637695 0.187988
0 0.307861 0.347656 0.406982 0.347656 0.406982 0.425781 0.307861 0.425781
0 0.637939 0.745605 0.740967 0.745605 0.740967 0.856934 0.637939 0.856934
0 0.640381 0.188965 0.740479 0.188965 0.740479 0.269043 0.640381 0.269043
0 0.637939 0.348633 0.741943 0.348633 0.741943 0.424805 0.637939 0.424805
0 0.409912 0.586914 0.513916 0.586914 0.513916 0.661133 0.409912 0.661133
0 0.409912 0.426270 0.513916 0.426270 0.513916 0.504395 0.409912 0.504395
0 0.075195 0.021484 0.177734 0.021484 0.177734 0.106445 0.075195 0.106445
0 0.743164 0.746094 0.849609 0.746094 0.849609 0.862305 0.743164 0.862305
0 0.746094 0.666992 0.849609 0.666992 0.849609 0.746094 0.746094 0.746094
1 0.309570 0.666016 0.410156 0.666016 0.410156 0.741211 0.309570 0.741211
1 0.308594 0.187500 0.407227 0.187500 0.407227 0.269531 0.308594 0.269531
1 0.079102 0.182617 0.178711 0.182617 0.178711 0.266602 0.079102 0.266602
1 0.078125 0.589844 0.181641 0.589844 0.181641 0.663086 0.078125 0.663086
1 0.080078 0.110352 0.177734 0.110352 0.177734 0.180664 0.080078 0.180664
0 0.077148 0.267578 0.179688 0.267578 0.179688 0.345703 0.077148 0.345703
0 0.077148 0.347656 0.180664 0.347656 0.180664 0.424805 0.077148 0.424805
0 0.077148 0.424805 0.175781 0.424805 0.175781 0.501953 0.077148 0.501953
0 0.075195 0.665039 0.176758 0.665039 0.176758 0.740234 0.075195 0.740234
0 0.311523 0.745117 0.409180 0.745117 0.409180 0.856445 0.311523 0.856445
0 0.409180 0.745117 0.515625 0.745117 0.515625 0.850586 0.409180 0.850586
0 0.308594 0.587891 0.409180 0.587891 0.409180 0.662109 0.308594 0.662109
0 0.307617 0.426758 0.407227 0.426758 0.407227 0.503906 0.307617 0.503906
0 0.304688 0.274414 0.408203 0.274414 0.408203 0.344727 0.304688 0.344727
0 0.408203 0.273438 0.515625 0.273438 0.515625 0.344727 0.408203 0.344727
0 0.408203 0.186523 0.515625 0.186523 0.515625 0.273438 0.408203 0.273438
0 0.408203 0.113281 0.513672 0.113281 0.513672 0.186523 0.408203 0.186523
0 0.409180 0.029297 0.513672 0.029297 0.513672 0.113281 0.409180 0.113281
0 0.311523 0.029297 0.409180 0.029297 0.409180 0.107422 0.311523 0.107422
0 0.311523 0.107422 0.409180 0.107422 0.409180 0.183594 0.311523 0.183594
0 0.641602 0.029297 0.742188 0.029297 0.742188 0.111328 0.641602 0.111328
0 0.744141 0.030273 0.848633 0.030273 0.848633 0.111328 0.744141 0.111328
0 0.744141 0.111328 0.850586 0.111328 0.850586 0.186523 0.744141 0.186523
0 0.743164 0.186523 0.850586 0.186523 0.850586 0.269531 0.743164 0.269531
0 0.641602 0.269531 0.743164 0.269531 0.743164 0.346680 0.641602 0.346680
0 0.742188 0.348633 0.850586 0.348633 0.850586 0.425781 0.742188 0.425781
0 0.634766 0.428711 0.747070 0.428711 0.747070 0.506836 0.634766 0.506836
0 0.637695 0.591797 0.743164 0.591797 0.743164 0.664062 0.637695 0.664062
0 0.746094 0.513672 0.851562 0.513672 0.851562 0.590820 0.746094 0.590820
1 0.747070 0.425781 0.849609 0.425781 0.849609 0.509766 0.747070 0.509766
1 0.408203 0.505859 0.514648 0.505859 0.514648 0.584961 0.408203 0.584961
