1 0.1708984375 0.130859375 0.19873046875 0.2041015625
1 0.17041015625 0.30859375 0.19921875 0.15087890625
1 0.16943359375 0.45703125 0.19775390625 0.14599609375
1 0.17041015625 0.6064453125 0.20068359375 0.14892578125
1 0.17041015625 0.75439453125 0.20068359375 0.14697265625
1 0.1708984375 0.90234375 0.19921875 0.15087890625
1 0.65478515625 0.90869140625 0.2080078125 0.14892578125
1 0.654296875 0.7607421875 0.20849609375 0.14697265625
1 0.65380859375 0.61083984375 0.2080078125 0.15185546875
0 0.65283203125 0.458984375 0.2099609375 0.15185546875
1 0.65234375 0.2841796875 0.20947265625 0.1982421875
1 0.8681640625 0.2822265625 0.20361328125 0.2041015625
1 0.86865234375 0.458984375 0.2041015625 0.14990234375
1 0.86865234375 0.61083984375 0.2041015625 0.15185546875
1 0.86767578125 0.76318359375 0.20556640625 0.15185546875
1 0.86962890625 0.9150390625 0.20654296875 0.15576171875