1 0.546143 0.181885 0.755615 0.181885 0.755615 0.379639 0.546143 0.379639
1 0.767822 0.684082 0.972412 0.684082 0.972412 0.840332 0.767822 0.840332
1 0.765625 0.535156 0.970703 0.535156 0.970703 0.684570 0.765625 0.684570
1 0.766602 0.181152 0.971680 0.181152 0.971680 0.382324 0.766602 0.382324
1 0.766113 0.387207 0.970215 0.387207 0.970215 0.535645 0.766113 0.535645
1 0.548828 0.531738 0.755859 0.531738 0.755859 0.681152 0.548828 0.681152
1 0.071777 0.233398 0.267090 0.233398 0.267090 0.385742 0.071777 0.385742
1 0.068848 0.529297 0.269043 0.529297 0.269043 0.681641 0.068848 0.681641
1 0.767578 0.838623 0.970703 0.838623 0.970703 0.993408 0.767578 0.993408
1 0.548584 0.683105 0.758057 0.683105 0.758057 0.836426 0.548584 0.836426
1 0.551025 0.830322 0.759521 0.830322 0.759521 0.988037 0.551025 0.988037
1 0.072510 0.677734 0.270264 0.677734 0.270264 0.829102 0.072510 0.829102
0 0.547607 0.384766 0.757080 0.384766 0.757080 0.534180 0.547607 0.534180
1 0.072266 0.833008 0.270508 0.833008 0.270508 0.978516 0.072266 0.978516
1 0.069336 0.384766 0.273438 0.384766 0.273438 0.531250 0.069336 0.531250
1 0.069336 0.028320 0.270508 0.028320 0.270508 0.230469 0.069336 0.230469
