1 0.071533 0.028809 0.270264 0.028809 0.270264 0.232910 0.071533 0.232910
1 0.070801 0.233154 0.270020 0.233154 0.270020 0.384033 0.070801 0.384033
1 0.070557 0.384033 0.268311 0.384033 0.268311 0.530029 0.070557 0.530029
1 0.070068 0.531982 0.270752 0.531982 0.270752 0.680908 0.070068 0.680908
1 0.070068 0.680908 0.270752 0.680908 0.270752 0.827881 0.070068 0.827881
1 0.071289 0.826904 0.270508 0.826904 0.270508 0.977783 0.071289 0.977783
1 0.550781 0.834229 0.758789 0.834229 0.758789 0.983154 0.550781 0.983154
1 0.550049 0.687256 0.758545 0.687256 0.758545 0.834229 0.550049 0.834229
1 0.549805 0.534912 0.757812 0.534912 0.757812 0.686768 0.549805 0.686768
0 0.547852 0.383057 0.757812 0.383057 0.757812 0.534912 0.547852 0.534912
1 0.547607 0.185059 0.757080 0.185059 0.757080 0.383301 0.547607 0.383301
1 0.766357 0.180176 0.969971 0.180176 0.969971 0.384277 0.766357 0.384277
1 0.766602 0.384033 0.970703 0.384033 0.970703 0.533936 0.766602 0.533936
1 0.766602 0.534912 0.970703 0.534912 0.970703 0.686768 0.766602 0.686768
1 0.764893 0.687256 0.970459 0.687256 0.970459 0.839111 0.764893 0.839111
1 0.766357 0.837158 0.972900 0.837158 0.972900 0.992920 0.766357 0.992920
