1 0.0568213779296875 0.041 0.0579465537109375 0.185 0.2149085791015625 0.185 0.2149085791015625 0.045 0.0568213779296875 0.041
1 0.2171589306640625 0.325 0.2154711669921875 0.183 0.0579465537109375 0.185 0.060759494140625 0.326 0.2171589306640625 0.325
1 0.2171589306640625 0.326 0.06019690625 0.326 0.061884669921875 0.468 0.2171589306640625 0.468 0.2171589306640625 0.326
1 0.2188466943359375 0.606 0.2171589306640625 0.468 0.0624472578125 0.465 0.0624472578125 0.604 0.2188466943359375 0.606
1 0.2194092822265625 0.604 0.064697609375 0.604 0.06582278515625 0.745 0.2199718701171875 0.749 0.2194092822265625 0.604
1 0.2779184248046875 0.607 0.2790436005859375 0.752 0.4348804501953125 0.75 0.4343178623046875 0.608 0.2779184248046875 0.607
1 0.2767932490234375 0.606 0.4337552744140625 0.607 0.4337552744140625 0.468 0.2762306611328125 0.471 0.2767932490234375 0.606
1 0.2756680732421875 0.471 0.4337552744140625 0.468 0.4337552744140625 0.33 0.2751054853515625 0.331 0.2756680732421875 0.471
1 0.2745428974609375 0.328 0.4337552744140625 0.33 0.4343178623046875 0.189 0.2756680732421875 0.187 0.2745428974609375 0.328
1 0.2745428974609375 0.188 0.4343178623046875 0.189 0.4343178623046875 0.047 0.2745428974609375 0.047 0.2745428974609375 0.188
1 0.784810126953125 0.05 0.62672292578125 0.046 0.626160337890625 0.187 0.78312236328125 0.191 0.784810126953125 0.05
1 0.7842475390625 0.187 0.626160337890625 0.187 0.625035162109375 0.328 0.78312236328125 0.329 0.7842475390625 0.187
1 0.781434599609375 0.329 0.625035162109375 0.328 0.62447257421875 0.467 0.780309423828125 0.467 0.781434599609375 0.329
1 0.78087201171875 0.467 0.62447257421875 0.467 0.622784810546875 0.606 0.7780590712890625 0.609 0.78087201171875 0.467
1 0.7786216591796875 0.608 0.622784810546875 0.606 0.62222222265625 0.746 0.7774964833984375 0.745 0.7786216591796875 0.608
1 0.7769338955078126 0.744 0.62222222265625 0.746 0.6233473984375 0.887 0.7752461318359375 0.887 0.7769338955078126 0.744
1 0.9879043603515625 0.749 0.8365682138671875 0.746 0.8343178623046875 0.884 0.9839662451171876 0.884 0.9879043603515625 0.749
1 0.8348804501953125 0.747 0.9862165966796875 0.749 0.9890295361328125 0.612 0.8365682138671875 0.61 0.8348804501953125 0.747
1 0.8365682138671875 0.61 0.9884669482421875 0.611 0.9918424755859375 0.475 0.8382559775390624 0.473 0.8365682138671875 0.61
1 0.8382559775390624 0.473 0.9901547119140625 0.476 0.9940928271484375 0.338 0.8405063291015625 0.335 0.8382559775390624 0.473
1 0.8405063291015625 0.335 0.9935302392578125 0.338 0.9957805908203125 0.196 0.8416315048828125 0.194 0.8405063291015625 0.335
1 0.8416315048828125 0.194 0.9952180029296875 0.197 0.9980309423828125 0.058 0.8427566806640625 0.053 0.8416315048828125 0.194