1 0.278076 0.608398 0.435791 0.608398 0.435791 0.747070 0.278076 0.747070
1 0.625000 0.466553 0.775391 0.466553 0.775391 0.605713 0.625000 0.605713
1 0.621582 0.603027 0.776855 0.603027 0.776855 0.747559 0.621582 0.747559
1 0.621582 0.746582 0.774902 0.746582 0.774902 0.885254 0.621582 0.885254
1 0.060303 0.184082 0.216064 0.184082 0.216064 0.324707 0.060303 0.324707
1 0.060303 0.324219 0.216064 0.324219 0.216064 0.464844 0.060303 0.464844
1 0.062500 0.468018 0.218750 0.468018 0.218750 0.605225 0.062500 0.605225
1 0.063965 0.607422 0.216309 0.607422 0.216309 0.750000 0.063965 0.750000
1 0.278320 0.330811 0.435547 0.330811 0.435547 0.467041 0.278320 0.467041
1 0.058594 0.044922 0.213867 0.044922 0.213867 0.189453 0.058594 0.189453
1 0.627441 0.045410 0.781738 0.045410 0.781738 0.189941 0.627441 0.189941
1 0.276367 0.469971 0.432617 0.469971 0.432617 0.609131 0.276367 0.609131
1 0.626465 0.190186 0.780762 0.190186 0.780762 0.325439 0.626465 0.325439
1 0.626953 0.326904 0.778320 0.326904 0.778320 0.467041 0.626953 0.467041
1 0.278320 0.189941 0.435547 0.189941 0.435547 0.328613 0.278320 0.328613
1 0.275635 0.045410 0.435303 0.045410 0.435303 0.187012 0.275635 0.187012
1 0.836670 0.747803 0.985596 0.747803 0.985596 0.881104 0.836670 0.881104
1 0.844727 0.054443 0.996094 0.054443 0.996094 0.195557 0.844727 0.195557
1 0.840088 0.195557 0.993896 0.195557 0.993896 0.334717 0.840088 0.334717
1 0.841064 0.335205 0.989990 0.335205 0.989990 0.474365 0.841064 0.474365
1 0.838623 0.612793 0.987549 0.612793 0.987549 0.747559 0.838623 0.747559
1 0.838623 0.473145 0.989502 0.473145 0.989502 0.612793 0.838623 0.612793
