1 0.35693359375 0.677734375 0.15771484375 0.138671875
1 0.7001953125 0.5361328125 0.150390625 0.13916015625
1 0.69921875 0.67529296875 0.1552734375 0.14453125
1 0.6982421875 0.81591796875 0.1533203125 0.138671875
1 0.13818359375 0.25439453125 0.15576171875 0.140625
1 0.13818359375 0.39453125 0.15576171875 0.140625
1 0.140625 0.53662109375 0.15625 0.13720703125
1 0.14013671875 0.6787109375 0.15234375 0.142578125
1 0.35693359375 0.39892578125 0.1572265625 0.13623046875
1 0.13623046875 0.1171875 0.1552734375 0.14453125
1 0.70458984375 0.11767578125 0.154296875 0.14453125
1 0.3544921875 0.53955078125 0.15625 0.13916015625
1 0.70361328125 0.2578125 0.154296875 0.13525390625
1 0.70263671875 0.39697265625 0.1513671875 0.14013671875
1 0.35693359375 0.25927734375 0.1572265625 0.138671875
1 0.35546875 0.1162109375 0.15966796875 0.1416015625
1 0.9111328125 0.814453125 0.14892578125 0.13330078125
1 0.92041015625 0.125 0.1513671875 0.14111328125
1 0.9169921875 0.26513671875 0.15380859375 0.13916015625
1 0.91552734375 0.40478515625 0.14892578125 0.13916015625
1 0.9130859375 0.68017578125 0.14892578125 0.134765625
1 0.9140625 0.54296875 0.15087890625 0.1396484375