1 0.056821 0.041000 0.057947 0.185000 0.214909 0.185000 0.214909 0.045000
1 0.217159 0.325000 0.215471 0.183000 0.057947 0.185000 0.060759 0.326000
1 0.217159 0.326000 0.060197 0.326000 0.061885 0.468000 0.217159 0.468000
1 0.218847 0.606000 0.217159 0.468000 0.062447 0.465000 0.062447 0.604000
1 0.219409 0.604000 0.064698 0.604000 0.065823 0.745000 0.219972 0.749000
1 0.277918 0.607000 0.279044 0.752000 0.434880 0.750000 0.434318 0.608000
1 0.276793 0.606000 0.433755 0.607000 0.433755 0.468000 0.276231 0.471000
1 0.275668 0.471000 0.433755 0.468000 0.433755 0.330000 0.275105 0.331000
1 0.274543 0.328000 0.433755 0.330000 0.434318 0.189000 0.275668 0.187000
1 0.274543 0.188000 0.434318 0.189000 0.434318 0.047000 0.274543 0.047000
1 0.784810 0.050000 0.626723 0.046000 0.626160 0.187000 0.783122 0.191000
1 0.784248 0.187000 0.626160 0.187000 0.625035 0.328000 0.783122 0.329000
1 0.781435 0.329000 0.625035 0.328000 0.624473 0.467000 0.780309 0.467000
1 0.780872 0.467000 0.624473 0.467000 0.622785 0.606000 0.778059 0.609000
1 0.778622 0.608000 0.622785 0.606000 0.622222 0.746000 0.777496 0.745000
1 0.776934 0.744000 0.622222 0.746000 0.623347 0.887000 0.775246 0.887000
1 0.987904 0.749000 0.836568 0.746000 0.834318 0.884000 0.983966 0.884000
1 0.834880 0.747000 0.986217 0.749000 0.989030 0.612000 0.836568 0.610000
1 0.836568 0.610000 0.988467 0.611000 0.991842 0.475000 0.838256 0.473000
1 0.838256 0.473000 0.990155 0.476000 0.994093 0.338000 0.840506 0.335000
1 0.840506 0.335000 0.993530 0.338000 0.995781 0.196000 0.841632 0.194000
1 0.841632 0.194000 0.995218 0.197000 0.998031 0.058000 0.842757 0.053000
