1 0.848383 0.488000 0.775809 0.475000 0.783685 0.631000 0.869198 0.649000
1 0.849508 0.489000 0.868073 0.649000 0.954149 0.663000 0.924895 0.503000
1 0.775213 0.476471 0.702892 0.465244 0.701863 0.616463 0.783507 0.631707
1 0.704264 0.465854 0.632911 0.451220 0.619190 0.600610 0.701520 0.616463
1 0.620562 0.600000 0.633941 0.454268 0.565332 0.442683 0.540290 0.584146
1 0.541319 0.584756 0.564646 0.440854 0.497753 0.429878 0.463792 0.570732
1 0.464135 0.569512 0.498782 0.430488 0.432575 0.420732 0.389352 0.554268
1 0.390168 0.554878 0.431546 0.418902 0.368214 0.412195 0.316758 0.540854
1 0.316758 0.540244 0.368900 0.407927 0.308182 0.400610 0.244376 0.528659
1 0.244033 0.393902 0.178855 0.513415 0.247463 0.525610 0.306809 0.400610
1 0.124867 0.376829 0.048156 0.486585 0.111962 0.500610 0.186615 0.384756
1 0.185585 0.386585 0.112648 0.500000 0.177140 0.514024 0.244589 0.392073
1 0.894309 0.338415 0.832905 0.334146 0.845940 0.439634 0.914548 0.448171
1 0.845254 0.439024 0.832905 0.334146 0.771843 0.325610 0.775960 0.429878
1 0.775960 0.429878 0.771843 0.325610 0.709410 0.315244 0.708381 0.417073
1 0.708381 0.417073 0.709410 0.315854 0.649377 0.304878 0.641144 0.406098
1 0.642517 0.406707 0.648691 0.306098 0.591403 0.298780 0.576996 0.396341
1 0.575967 0.395732 0.591403 0.298171 0.534802 0.289024 0.510789 0.386585
1 0.511475 0.385366 0.534802 0.289024 0.479229 0.282317 0.448012 0.376829
1 0.449384 0.376220 0.478543 0.280488 0.423313 0.274390 0.386951 0.366463
1 0.388666 0.365244 0.423656 0.275000 0.370485 0.268902 0.328977 0.353049
1 0.268944 0.345122 0.328977 0.353049 0.370828 0.268293 0.315598 0.259756
1 0.261741 0.254268 0.212686 0.338415 0.269288 0.345122 0.316627 0.259756
1 0.817468 0.229268 0.872697 0.233537 0.860005 0.167073 0.808206 0.164024
1 0.807863 0.162195 0.760523 0.157317 0.763610 0.223780 0.817811 0.231098
1 0.763610 0.221951 0.759837 0.156707 0.711125 0.151829 0.711125 0.216463
1 0.711811 0.215854 0.711468 0.150610 0.663099 0.144512 0.659326 0.208537
1 0.659326 0.207927 0.663099 0.144512 0.616445 0.140244 0.605468 0.203049
1 0.606840 0.200610 0.616445 0.139634 0.570135 0.135366 0.555041 0.195732
1 0.555041 0.196951 0.569106 0.133537 0.525196 0.127439 0.504614 0.190244
1 0.505986 0.190244 0.525196 0.127439 0.478543 0.123171 0.456931 0.181707
1 0.457960 0.182317 0.478543 0.123171 0.436349 0.120122 0.407533 0.176829
1 0.854859 0.142073 0.844568 0.087805 0.802031 0.085976 0.806490 0.140854
1 0.757778 0.132927 0.806147 0.139024 0.802031 0.085976 0.757435 0.081707
1 0.757092 0.082927 0.713183 0.078049 0.713183 0.127439 0.759151 0.132927
1 0.667216 0.120732 0.713183 0.126829 0.713526 0.078659 0.670303 0.073780
1 0.620219 0.117073 0.666872 0.121341 0.671332 0.073171 0.628452 0.066463
1 0.629138 0.067073 0.586601 0.063415 0.574594 0.111585 0.620905 0.115854
1 0.532400 0.106707 0.576310 0.110366 0.587287 0.062805 0.547837 0.058537
1 0.507358 0.052439 0.489520 0.100000 0.534115 0.104878 0.547494 0.057317
1 0.392439 0.115854 0.360193 0.170122 0.408905 0.175000 0.435663 0.119512
