1 0.69580078125 0.6201171875 0.02685546875 0.095703125
1 0.59033203125 0.62060546875 0.0263671875 0.09375
1 0.13671875 0.10791015625 0.0244140625 0.091796875
1 0.46826171875 0.31640625 0.02294921875 0.0947265625
1 0.1650390625 0.10888671875 0.0224609375 0.09423828125
1 0.19140625 0.109375 0.02490234375 0.09326171875
1 0.21728515625 0.1103515625 0.02734375 0.0947265625
1 0.24462890625 0.1103515625 0.02734375 0.09375
1 0.27099609375 0.1103515625 0.025390625 0.09375
1 0.29736328125 0.111328125 0.02685546875 0.0947265625
1 0.32373046875 0.11083984375 0.02783203125 0.0947265625
1 0.388671875 0.1103515625 0.02783203125 0.09521484375
1 0.41650390625 0.109375 0.02783203125 0.0927734375
1 0.44287109375 0.109375 0.02587890625 0.0947265625
1 0.46923828125 0.1103515625 0.02587890625 0.09619140625
1 0.4951171875 0.10986328125 0.02783203125 0.095703125
1 0.52197265625 0.1103515625 0.025390625 0.0947265625
1 0.54833984375 0.11083984375 0.02734375 0.095703125
1 0.591796875 0.10986328125 0.02490234375 0.0947265625
1 0.6181640625 0.1103515625 0.02783203125 0.0927734375
1 0.6435546875 0.11083984375 0.02294921875 0.09326171875
1 0.6689453125 0.111328125 0.0283203125 0.091796875
0 0.69677734375 0.1103515625 0.02783203125 0.08984375
0 0.7236328125 0.109375 0.02490234375 0.08935546875
1 0.74951171875 0.1103515625 0.02685546875 0.09130859375
1 0.77783203125 0.10791015625 0.02490234375 0.091796875
1 0.77734375 0.3173828125 0.02783203125 0.095703125
1 0.7490234375 0.3173828125 0.0263671875 0.09423828125
1 0.72265625 0.31787109375 0.02587890625 0.09326171875
1 0.6962890625 0.31787109375 0.0263671875 0.09326171875
1 0.67041015625 0.31787109375 0.02587890625 0.09375
1 0.64404296875 0.3173828125 0.0263671875 0.0947265625
1 0.6171875 0.31689453125 0.02734375 0.09375
1 0.5927734375 0.31640625 0.02392578125 0.0947265625
1 0.7783203125 0.4111328125 0.0283203125 0.09033203125
1 0.75048828125 0.41064453125 0.02734375 0.09033203125
1 0.72314453125 0.41259765625 0.02734375 0.09423828125
1 0.6962890625 0.41259765625 0.0263671875 0.09423828125
1 0.669921875 0.41357421875 0.025390625 0.09521484375
1 0.6435546875 0.412109375 0.02783203125 0.09423828125
1 0.6162109375 0.412109375 0.0263671875 0.09326171875
1 0.5908203125 0.412109375 0.02392578125 0.09375
1 0.49462890625 0.31689453125 0.025390625 0.09423828125
1 0.5224609375 0.31689453125 0.02978515625 0.09375
1 0.5498046875 0.3173828125 0.0263671875 0.095703125
1 0.54931640625 0.41162109375 0.02783203125 0.09130859375
1 0.52197265625 0.4111328125 0.02685546875 0.09228515625
0 0.49560546875 0.41162109375 0.02587890625 0.09375
1 0.46875 0.41162109375 0.0263671875 0.09326171875
1 0.44140625 0.412109375 0.0234375 0.09423828125
1 0.416015625 0.412109375 0.02734375 0.09423828125
1 0.38916015625 0.4111328125 0.0263671875 0.09228515625
1 0.36328125 0.4111328125 0.025390625 0.0927734375
1 0.36376953125 0.31689453125 0.0263671875 0.09521484375
1 0.3896484375 0.31689453125 0.025390625 0.0947265625
1 0.41455078125 0.3173828125 0.02490234375 0.09375
1 0.44189453125 0.31689453125 0.0302734375 0.09521484375
1 0.32373046875 0.31689453125 0.02734375 0.09619140625
1 0.29541015625 0.31689453125 0.029296875 0.09619140625
1 0.26904296875 0.31689453125 0.0244140625 0.09716796875
1 0.2431640625 0.31640625 0.02685546875 0.0947265625
1 0.216796875 0.31689453125 0.0263671875 0.09326171875
1 0.18994140625 0.3173828125 0.0263671875 0.0927734375
1 0.1630859375 0.31640625 0.02783203125 0.09130859375
1 0.13720703125 0.31640625 0.0244140625 0.09033203125
1 0.13623046875 0.41015625 0.02734375 0.0947265625
1 0.1630859375 0.41015625 0.02734375 0.09375
1 0.18994140625 0.41064453125 0.0263671875 0.09423828125
1 0.21630859375 0.41064453125 0.02587890625 0.09326171875
1 0.2431640625 0.4111328125 0.02783203125 0.09423828125
1 0.26953125 0.41162109375 0.02587890625 0.0927734375
1 0.29443359375 0.41162109375 0.02783203125 0.09033203125
1 0.32373046875 0.41015625 0.02734375 0.09033203125
1 0.943359375 0.31689453125 0.0224609375 0.095703125
1 0.94287109375 0.4130859375 0.0234375 0.09130859375
1 0.96875 0.41064453125 0.02734375 0.0927734375
0 0.96923828125 0.31787109375 0.0244140625 0.09423828125
1 0.94189453125 0.62109375 0.02685546875 0.0927734375
1 0.96875 0.62060546875 0.02734375 0.09423828125
1 0.96875 0.7158203125 0.02734375 0.095703125
1 0.94189453125 0.71533203125 0.02587890625 0.09619140625
1 0.91650390625 0.71533203125 0.02490234375 0.095703125
1 0.91650390625 0.62060546875 0.0234375 0.09326171875
1 0.75 0.61962890625 0.0283203125 0.09619140625
1 0.72265625 0.6201171875 0.02685546875 0.09619140625
1 0.66943359375 0.62060546875 0.0263671875 0.09423828125
1 0.6435546875 0.6201171875 0.025390625 0.09521484375
1 0.6171875 0.6201171875 0.02685546875 0.0947265625
1 0.7490234375 0.71484375 0.02783203125 0.09130859375
1 0.72314453125 0.7138671875 0.02734375 0.09130859375
1 0.6962890625 0.7138671875 0.0263671875 0.09130859375
1 0.669921875 0.7138671875 0.02587890625 0.0908203125
1 0.64306640625 0.71533203125 0.0283203125 0.0927734375
1 0.61669921875 0.71484375 0.02490234375 0.09326171875
1 0.5908203125 0.71484375 0.0263671875 0.0927734375
1 0.5498046875 0.62060546875 0.0283203125 0.09375
1 0.52197265625 0.62158203125 0.02587890625 0.09423828125
1 0.49560546875 0.62109375 0.0263671875 0.09375
1 0.46826171875 0.62109375 0.02734375 0.09423828125
1 0.44140625 0.62060546875 0.0263671875 0.09326171875
1 0.4150390625 0.62060546875 0.02587890625 0.09326171875
1 0.388671875 0.62060546875 0.02685546875 0.0927734375
1 0.388671875 0.7138671875 0.02685546875 0.09423828125
1 0.41552734375 0.71484375 0.02685546875 0.09228515625
1 0.44189453125 0.71533203125 0.0263671875 0.09326171875
1 0.46826171875 0.71533203125 0.0263671875 0.09326171875
1 0.49560546875 0.71533203125 0.02734375 0.09326171875
1 0.521484375 0.71533203125 0.02490234375 0.09326171875
1 0.54833984375 0.7158203125 0.029296875 0.09423828125
1 0.32275390625 0.71337890625 0.02685546875 0.0947265625
1 0.29541015625 0.71337890625 0.02783203125 0.09521484375
1 0.2685546875 0.71337890625 0.02587890625 0.09619140625
1 0.24169921875 0.71337890625 0.02734375 0.0966796875
1 0.2138671875 0.71337890625 0.02490234375 0.095703125
1 0.18896484375 0.71240234375 0.0283203125 0.09375
1 0.162109375 0.7138671875 0.0263671875 0.0947265625
1 0.1357421875 0.71240234375 0.02392578125 0.09228515625
1 0.13623046875 0.6201171875 0.02294921875 0.09228515625
1 0.1611328125 0.61962890625 0.02685546875 0.091796875
1 0.18798828125 0.61962890625 0.02685546875 0.091796875
1 0.21435546875 0.6201171875 0.02490234375 0.09228515625
1 0.2412109375 0.62060546875 0.029296875 0.091796875
1 0.267578125 0.61962890625 0.02392578125 0.09033203125
1 0.2939453125 0.619140625 0.0283203125 0.0908203125
1 0.32177734375 0.619140625 0.02685546875 0.0908203125
1 0.18896484375 0.92138671875 0.02392578125 0.09814453125
1 0.22900390625 0.92041015625 0.02490234375 0.09814453125
1 0.25537109375 0.919921875 0.02197265625 0.09521484375
1 0.2958984375 0.923828125 0.0234375 0.095703125
1 0.32080078125 0.92333984375 0.0263671875 0.0966796875
1 0.36279296875 0.92236328125 0.02392578125 0.09375
1 0.3876953125 0.91943359375 0.025390625 0.0859375
1 0.41357421875 0.919921875 0.025390625 0.08642578125
1 0.4404296875 0.919921875 0.0283203125 0.0859375
1 0.46826171875 0.91943359375 0.02685546875 0.08447265625
1 0.49462890625 0.91943359375 0.0263671875 0.08447265625
1 0.52099609375 0.9208984375 0.0263671875 0.08740234375
1 0.54638671875 0.92138671875 0.02392578125 0.08642578125
1 0.59130859375 0.9208984375 0.0234375 0.08447265625
1 0.6171875 0.919921875 0.0283203125 0.08447265625
1 0.64404296875 0.92041015625 0.025390625 0.083984375
1 0.67041015625 0.92041015625 0.02685546875 0.08544921875
1 0.697265625 0.92041015625 0.02685546875 0.08544921875
1 0.72509765625 0.921875 0.0283203125 0.08642578125
1 0.75146484375 0.92041015625 0.02392578125 0.08935546875
1 0.77734375 0.9208984375 0.02783203125 0.09033203125
1 0.92236328125 0.92041015625 0.02392578125 0.083984375
1 0.94873046875 0.92138671875 0.02783203125 0.08544921875
1 0.97607421875 0.92138671875 0.02685546875 0.08544921875