1 0.44189453125 0.62109375 0.025390625 0.09228515625
1 0.46826171875 0.41064453125 0.02734375 0.08935546875
1 0.38818359375 0.61865234375 0.0283203125 0.091796875
1 0.29736328125 0.41162109375 0.0263671875 0.091796875
1 0.5224609375 0.41064453125 0.0263671875 0.09423828125
1 0.41552734375 0.40966796875 0.0263671875 0.09130859375
0 0.13818359375 0.1083984375 0.0244140625 0.091796875
1 0.1640625 0.1083984375 0.025390625 0.091796875
1 0.1904296875 0.1083984375 0.02734375 0.091796875
0 0.21630859375 0.10888671875 0.0244140625 0.0908203125
1 0.24267578125 0.109375 0.0283203125 0.091796875
1 0.271484375 0.10986328125 0.029296875 0.0908203125
1 0.2978515625 0.10986328125 0.0234375 0.0908203125
1 0.3212890625 0.109375 0.0234375 0.091796875
1 0.3876953125 0.10888671875 0.02734375 0.0908203125
1 0.41552734375 0.1103515625 0.0283203125 0.08984375
1 0.44287109375 0.1103515625 0.0263671875 0.08984375
1 0.4697265625 0.10888671875 0.02734375 0.0927734375
1 0.4970703125 0.10791015625 0.02734375 0.0908203125
1 0.5234375 0.107421875 0.025390625 0.091796875
0 0.548828125 0.107421875 0.025390625 0.091796875
1 0.59033203125 0.1103515625 0.0244140625 0.091796875
1 0.61669921875 0.10986328125 0.0283203125 0.0927734375
0 0.6435546875 0.109375 0.025390625 0.091796875
0 0.72265625 0.107421875 0.029296875 0.091796875
1 0.75 0.107421875 0.025390625 0.091796875
1 0.77734375 0.1083984375 0.029296875 0.091796875
1 0.13623046875 0.31591796875 0.0263671875 0.0908203125
1 0.162109375 0.31640625 0.025390625 0.091796875
1 0.189453125 0.31591796875 0.029296875 0.0927734375
1 0.21630859375 0.31591796875 0.0244140625 0.0927734375
1 0.2421875 0.3154296875 0.02734375 0.09375
1 0.26904296875 0.31640625 0.0263671875 0.095703125
1 0.29638671875 0.31787109375 0.0283203125 0.0927734375
1 0.32177734375 0.31787109375 0.0224609375 0.0927734375
1 0.36328125 0.3173828125 0.0234375 0.091796875
0 0.38818359375 0.31787109375 0.0263671875 0.0908203125
1 0.41552734375 0.31884765625 0.0283203125 0.0927734375
1 0.44287109375 0.3193359375 0.0263671875 0.091796875
0 0.46826171875 0.31884765625 0.0244140625 0.0908203125
1 0.4951171875 0.318359375 0.029296875 0.091796875
1 0.5244140625 0.318359375 0.025390625 0.091796875
1 0.5517578125 0.318359375 0.025390625 0.09375
1 0.5908203125 0.31884765625 0.0234375 0.0927734375
1 0.61572265625 0.318359375 0.0263671875 0.091796875
1 0.6689453125 0.3173828125 0.02734375 0.091796875
1 0.69580078125 0.31787109375 0.0263671875 0.0927734375
1 0.72314453125 0.318359375 0.0283203125 0.091796875
0 0.7509765625 0.318359375 0.02734375 0.091796875
1 0.77734375 0.31884765625 0.025390625 0.0908203125
1 0.943359375 0.31689453125 0.0234375 0.0966796875
1 0.9423828125 0.4111328125 0.0234375 0.09375
1 0.97021484375 0.4111328125 0.0302734375 0.09375
1 0.1357421875 0.4091796875 0.025390625 0.09375
1 0.162109375 0.4091796875 0.02734375 0.09375
1 0.18896484375 0.40966796875 0.0263671875 0.0947265625
1 0.2158203125 0.41064453125 0.02734375 0.0927734375
1 0.2421875 0.41015625 0.025390625 0.091796875
1 0.26904296875 0.41015625 0.0283203125 0.091796875
1 0.32177734375 0.41015625 0.0224609375 0.091796875
1 0.361328125 0.4091796875 0.025390625 0.08984375
1 0.38818359375 0.40966796875 0.0283203125 0.0888671875
1 0.44189453125 0.4111328125 0.0244140625 0.08984375
1 0.4951171875 0.41064453125 0.0234375 0.0908203125
1 0.55029296875 0.4111328125 0.0302734375 0.08984375
1 0.59228515625 0.41162109375 0.0244140625 0.0908203125
1 0.61572265625 0.41064453125 0.0224609375 0.0927734375
1 0.64208984375 0.41162109375 0.0302734375 0.0947265625
1 0.669921875 0.41162109375 0.025390625 0.0947265625
1 0.6953125 0.41162109375 0.025390625 0.0947265625
1 0.7216796875 0.41162109375 0.02734375 0.0947265625
1 0.74951171875 0.41162109375 0.0283203125 0.0947265625
1 0.77685546875 0.4130859375 0.0263671875 0.091796875
1 0.1357421875 0.61865234375 0.025390625 0.0947265625
1 0.16162109375 0.619140625 0.0263671875 0.095703125
1 0.189453125 0.6201171875 0.029296875 0.09375
0 0.216796875 0.619140625 0.025390625 0.091796875
1 0.24169921875 0.619140625 0.0244140625 0.091796875
0 0.26708984375 0.61865234375 0.0263671875 0.0908203125
1 0.294921875 0.61865234375 0.029296875 0.0908203125
1 0.3212890625 0.6181640625 0.0234375 0.08984375
1 0.4677734375 0.62109375 0.025390625 0.091796875
1 0.494140625 0.62109375 0.02734375 0.091796875
1 0.5224609375 0.62109375 0.029296875 0.091796875
1 0.5498046875 0.62109375 0.025390625 0.091796875
1 0.5927734375 0.62109375 0.0234375 0.09375
1 0.61669921875 0.6201171875 0.0244140625 0.091796875
1 0.64306640625 0.6201171875 0.0283203125 0.091796875
1 0.67041015625 0.62060546875 0.0263671875 0.0927734375
1 0.69677734375 0.62060546875 0.0263671875 0.0927734375
1 0.72314453125 0.62109375 0.0263671875 0.09375
1 0.74951171875 0.62060546875 0.0263671875 0.0927734375
1 0.91650390625 0.62060546875 0.0224609375 0.0927734375
1 0.94287109375 0.62158203125 0.0263671875 0.0947265625
1 0.9697265625 0.62158203125 0.02734375 0.0947265625
1 0.96923828125 0.71533203125 0.0283203125 0.0908203125
1 0.9423828125 0.71435546875 0.025390625 0.0927734375
1 0.91748046875 0.71484375 0.0244140625 0.09375
1 0.1357421875 0.71240234375 0.025390625 0.0927734375
1 0.1611328125 0.712890625 0.025390625 0.091796875
1 0.18798828125 0.71240234375 0.0283203125 0.0908203125
1 0.21484375 0.7119140625 0.025390625 0.091796875
1 0.2421875 0.71142578125 0.029296875 0.0908203125
1 0.26904296875 0.71142578125 0.0244140625 0.0908203125
0 0.294921875 0.71142578125 0.02734375 0.0908203125
1 0.3203125 0.7109375 0.0234375 0.091796875
1 0.38818359375 0.7138671875 0.0283203125 0.095703125
1 0.416015625 0.71435546875 0.02734375 0.0947265625
1 0.44189453125 0.71435546875 0.0244140625 0.0947265625
1 0.4677734375 0.71533203125 0.02734375 0.0927734375
1 0.4951171875 0.71435546875 0.02734375 0.0908203125
1 0.52197265625 0.71337890625 0.0263671875 0.0927734375
1 0.54931640625 0.71484375 0.0283203125 0.095703125
1 0.59228515625 0.71484375 0.0224609375 0.091796875
1 0.61669921875 0.7138671875 0.0263671875 0.09375
1 0.6435546875 0.71435546875 0.02734375 0.0947265625
1 0.67041015625 0.71484375 0.0263671875 0.09375
1 0.69677734375 0.71484375 0.0263671875 0.09375
1 0.72314453125 0.71435546875 0.0263671875 0.0947265625
1 0.75048828125 0.71435546875 0.0283203125 0.0947265625
1 0.18994140625 0.921875 0.0244140625 0.09765625
1 0.22900390625 0.92138671875 0.0283203125 0.0986328125
1 0.255859375 0.919921875 0.025390625 0.095703125
1 0.2958984375 0.92138671875 0.025390625 0.0947265625
1 0.36181640625 0.91650390625 0.0244140625 0.0849609375
1 0.388671875 0.91845703125 0.029296875 0.0849609375
1 0.416015625 0.91845703125 0.025390625 0.0849609375
1 0.44189453125 0.919921875 0.0263671875 0.0859375
0 0.4677734375 0.91943359375 0.025390625 0.0869140625
1 0.4951171875 0.92041015625 0.029296875 0.0849609375
0 0.5224609375 0.92236328125 0.025390625 0.0888671875
1 0.548828125 0.921875 0.02734375 0.08984375
1 0.591796875 0.9208984375 0.025390625 0.0859375
1 0.61767578125 0.921875 0.0263671875 0.087890625
1 0.64404296875 0.92236328125 0.0263671875 0.0869140625
1 0.67041015625 0.92138671875 0.0263671875 0.0849609375
1 0.69677734375 0.92138671875 0.0263671875 0.0849609375
1 0.72412109375 0.92236328125 0.0283203125 0.0869140625
1 0.75048828125 0.92236328125 0.0244140625 0.0869140625
1 0.77685546875 0.921875 0.0283203125 0.0859375
1 0.9228515625 0.92138671875 0.0234375 0.0830078125
1 0.94921875 0.921875 0.029296875 0.083984375
1 0.97607421875 0.921875 0.0244140625 0.083984375
0 0.36328125 0.1083984375 0.0234375 0.091796875
1 0.669921875 0.109375 0.025390625 0.08984375
1 0.69482421875 0.10888671875 0.0244140625 0.0908203125
1 0.64306640625 0.31787109375 0.0224609375 0.0908203125
0 0.970703125 0.3154296875 0.025390625 0.091796875
1 0.4140625 0.61962890625 0.0234375 0.0869140625
1 0.32177734375 0.92138671875 0.0263671875 0.0947265625