1 0.124023 0.088867 0.080078 0.092773 0.074219 0.287109 0.124023 0.284180
1 0.125000 0.284180 0.166992 0.282227 0.166992 0.085938 0.122070 0.088867
1 0.216797 0.083984 0.167969 0.084961 0.166992 0.284180 0.214844 0.278320
1 0.310547 0.079102 0.261719 0.082031 0.259766 0.276367 0.311523 0.273438
1 0.356445 0.076172 0.310547 0.079102 0.309570 0.274414 0.358398 0.273438
1 0.355469 0.274414 0.404297 0.272461 0.404297 0.075195 0.355469 0.076172
1 0.452148 0.073242 0.406250 0.075195 0.402344 0.273438 0.451172 0.271484
1 0.499023 0.266602 0.545898 0.263672 0.544922 0.068359 0.498047 0.070312
1 0.592773 0.068359 0.545898 0.068359 0.546875 0.267578 0.594727 0.263672
1 0.593750 0.260742 0.643555 0.260742 0.641602 0.067383 0.590820 0.068359
1 0.687500 0.062500 0.643555 0.065430 0.643555 0.260742 0.689453 0.256836
1 0.689453 0.260742 0.737305 0.255859 0.736328 0.059570 0.685547 0.062500
1 0.799805 0.055664 0.738281 0.060547 0.736328 0.256836 0.801758 0.253906
1 0.109375 0.479492 0.162109 0.477539 0.164062 0.289062 0.117188 0.291016
1 0.211914 0.280273 0.166016 0.284180 0.162109 0.479492 0.214844 0.475586
1 0.261719 0.473633 0.309570 0.472656 0.310547 0.275391 0.259766 0.277344
1 0.357422 0.275391 0.310547 0.275391 0.309570 0.471680 0.358398 0.473633
1 0.360352 0.471680 0.406250 0.470703 0.403320 0.271484 0.354492 0.272461
1 0.449219 0.270508 0.404297 0.274414 0.405273 0.470703 0.452148 0.470703
1 0.500977 0.269531 0.452148 0.272461 0.452148 0.469727 0.500000 0.467773
1 0.501953 0.466797 0.547852 0.466797 0.546875 0.265625 0.500000 0.267578
1 0.644531 0.260742 0.595703 0.261719 0.594727 0.462891 0.644531 0.460938
1 0.645508 0.459961 0.693359 0.458008 0.689453 0.258789 0.643555 0.261719
1 0.737305 0.256836 0.691406 0.260742 0.689453 0.458008 0.740234 0.458984
1 0.740234 0.456055 0.805664 0.455078 0.802734 0.251953 0.737305 0.255859
1 0.807617 0.671875 0.760742 0.673828 0.762695 0.867188 0.810547 0.864258
1 0.708984 0.867188 0.762695 0.867188 0.760742 0.674805 0.707031 0.678711
1 0.656250 0.680664 0.661133 0.872070 0.710938 0.869141 0.708008 0.678711
1 0.656250 0.679688 0.607422 0.680664 0.610352 0.872070 0.662109 0.873047
1 0.559570 0.875000 0.611328 0.872070 0.609375 0.679688 0.558594 0.679688
1 0.559570 0.682617 0.507812 0.684570 0.509766 0.875000 0.560547 0.875000
1 0.461914 0.876953 0.509766 0.875000 0.507812 0.683594 0.458984 0.685547
1 0.458984 0.876953 0.458008 0.684570 0.408203 0.686523 0.409180 0.878906
1 0.410156 0.685547 0.360352 0.686523 0.361328 0.881836 0.411133 0.879883
1 0.361328 0.688477 0.311523 0.691406 0.308594 0.883789 0.361328 0.881836
1 0.258789 0.885742 0.308594 0.883789 0.310547 0.690430 0.261719 0.693359
1 0.259766 0.693359 0.210938 0.696289 0.210938 0.885742 0.260742 0.883789
0 0.215820 0.474609 0.261719 0.473633 0.260742 0.275391 0.213867 0.278320
0 0.216797 0.278320 0.261719 0.275391 0.262695 0.081055 0.217773 0.083984
0 0.498047 0.073242 0.453125 0.073242 0.450195 0.271484 0.500000 0.268555
0 0.549805 0.465820 0.595703 0.462891 0.595703 0.262695 0.545898 0.265625
