1 0.15576171875 0.25048828125 0.0625 0.228515625
1 0.28173828125 0.25146484375 0.0615234375 0.22900390625
1 0.73779296875 0.259765625 0.068359375 0.23046875
1 0.80322265625 0.26220703125 0.064453125 0.232421875
1 0.86962890625 0.263671875 0.064453125 0.2314453125
1 0.60595703125 0.2587890625 0.06640625 0.2314453125
1 0.6025390625 0.76708984375 0.0634765625 0.2353515625
1 0.41259765625 0.25537109375 0.0654296875 0.228515625
1 0.80126953125 0.7744140625 0.0654296875 0.236328125
1 0.86865234375 0.7763671875 0.0654296875 0.236328125
1 0.54052734375 0.2578125 0.0634765625 0.2294921875
1 0.671875 0.2587890625 0.0654296875 0.23193359375
1 0.3427734375 0.759765625 0.0673828125 0.2353515625
1 0.6689453125 0.77197265625 0.0654296875 0.2353515625
1 0.5380859375 0.76513671875 0.06640625 0.2373046875
1 0.40673828125 0.76171875 0.0625 0.23828125
1 0.4755859375 0.2568359375 0.0634765625 0.23046875
1 0.34765625 0.25390625 0.06640625 0.228515625
1 0.1513671875 0.75439453125 0.0625 0.234375
1 0.21435546875 0.75634765625 0.0654296875 0.234375
1 0.21923828125 0.25 0.0625 0.22705078125
1 0.9345703125 0.26416015625 0.064453125 0.2353515625
1 0.935546875 0.77978515625 0.068359375 0.2333984375
1 0.2783203125 0.7587890625 0.0625 0.23828125
1 0.4716796875 0.763671875 0.064453125 0.240234375
1 0.73583984375 0.7744140625 0.0654296875 0.240234375