1 0.121094 0.141846 0.184570 0.141846 0.184570 0.364990 0.121094 0.364990
1 0.185303 0.138916 0.249268 0.138916 0.249268 0.366943 0.185303 0.366943
1 0.250000 0.139893 0.312500 0.139893 0.312500 0.365967 0.250000 0.365967
1 0.312500 0.137939 0.377930 0.137939 0.377930 0.368896 0.312500 0.368896
1 0.379639 0.145752 0.441650 0.145752 0.441650 0.370850 0.379639 0.370850
1 0.443359 0.143799 0.506836 0.143799 0.506836 0.371826 0.443359 0.371826
1 0.507324 0.143799 0.569824 0.143799 0.569824 0.372803 0.507324 0.372803
1 0.571045 0.143799 0.636963 0.143799 0.636963 0.370850 0.571045 0.370850
1 0.637451 0.147705 0.700439 0.147705 0.700439 0.374756 0.637451 0.374756
1 0.701416 0.146729 0.767334 0.146729 0.767334 0.378662 0.701416 0.378662
1 0.767090 0.152100 0.832520 0.152100 0.832520 0.383057 0.767090 0.383057
1 0.832275 0.152100 0.897217 0.152100 0.897217 0.382080 0.832275 0.382080
1 0.897461 0.151123 0.963867 0.151123 0.963867 0.383057 0.897461 0.383057
1 0.897705 0.660889 0.964600 0.660889 0.964600 0.889893 0.897705 0.889893
1 0.831543 0.660889 0.896973 0.660889 0.896973 0.892822 0.831543 0.892822
1 0.766846 0.657959 0.832764 0.657959 0.832764 0.889893 0.766846 0.889893
1 0.697754 0.656982 0.765137 0.656982 0.765137 0.886963 0.697754 0.886963
1 0.631836 0.655029 0.698242 0.655029 0.698242 0.886963 0.631836 0.886963
1 0.569092 0.650146 0.633057 0.650146 0.633057 0.883057 0.569092 0.883057
1 0.502686 0.648682 0.568604 0.648682 0.568604 0.882568 0.502686 0.882568
1 0.439209 0.645752 0.502197 0.645752 0.502197 0.879639 0.439209 0.879639
1 0.374023 0.646729 0.439453 0.646729 0.439453 0.877686 0.374023 0.877686
1 0.308350 0.644775 0.372314 0.644775 0.372314 0.877686 0.308350 0.877686
1 0.244385 0.643799 0.308350 0.643799 0.308350 0.875732 0.244385 0.875732
1 0.180176 0.639893 0.243652 0.639893 0.243652 0.870850 0.180176 0.870850
1 0.118652 0.639893 0.181152 0.639893 0.181152 0.869873 0.118652 0.869873
