0 0.542969 0.004883 0.523438 0.143555 0.581055 0.150391 0.600586 0.010742
0 0.639648 0.156250 0.653320 0.019531 0.598633 0.012695 0.581055 0.148438
0 0.802734 0.060547 0.797852 0.138672 0.888672 0.143555 0.891602 0.067383
0 0.791016 0.138672 0.786133 0.216797 0.875000 0.222656 0.878906 0.145508
0 0.615234 0.328125 0.556641 0.320312 0.540039 0.457031 0.598633 0.462891
0 0.485352 0.450195 0.540039 0.456055 0.559570 0.321289 0.502930 0.313477
0 0.485352 0.447266 0.503906 0.313477 0.446289 0.307617 0.424805 0.441406
0 0.426758 0.440430 0.447266 0.305664 0.389648 0.299805 0.372070 0.434570
0 0.371094 0.435547 0.389648 0.299805 0.333984 0.294922 0.313477 0.427734
0 0.314453 0.429688 0.332031 0.293945 0.274414 0.288086 0.258789 0.423828
0 0.201172 0.414062 0.258789 0.423828 0.276367 0.287109 0.219727 0.279297
0 0.169922 0.275391 0.153320 0.409180 0.204102 0.416016 0.221680 0.279297
0 0.573242 0.660156 0.590820 0.526367 0.533203 0.519531 0.515625 0.653320
0 0.533203 0.519531 0.476562 0.511719 0.460938 0.643555 0.517578 0.651367
0 0.458984 0.643555 0.475586 0.511719 0.419922 0.504883 0.402344 0.638672
0 0.346680 0.628906 0.402344 0.638672 0.418945 0.503906 0.363281 0.495117
0 0.347656 0.627930 0.364258 0.499023 0.306641 0.490234 0.290039 0.620117
0 0.306641 0.490234 0.251953 0.483398 0.234375 0.613281 0.291016 0.621094
0 0.181641 0.608398 0.236328 0.613281 0.250977 0.482422 0.196289 0.478516
0 0.197266 0.477539 0.145508 0.469727 0.127930 0.605469 0.179688 0.610352
0 0.105469 0.805664 0.088867 0.929688 0.137695 0.935547 0.154297 0.812500
0 0.210938 0.818359 0.154297 0.812500 0.139648 0.934570 0.195312 0.942383
0 0.193359 0.941406 0.250977 0.948242 0.265625 0.822266 0.209961 0.815430
0 0.322266 0.828125 0.265625 0.821289 0.250000 0.946289 0.306641 0.953125
0 0.380859 0.832031 0.323242 0.827148 0.306641 0.951172 0.365234 0.962891
0 0.378906 0.832031 0.365234 0.960938 0.420898 0.964844 0.436523 0.839844
0 0.438477 0.836914 0.420898 0.965820 0.477539 0.975586 0.495117 0.846680
0 0.533203 0.983398 0.547852 0.862305 0.490234 0.854492 0.474609 0.974609
0 0.781250 0.218750 0.775391 0.293945 0.867188 0.300781 0.870117 0.225586
0 0.771484 0.297852 0.766602 0.373047 0.858398 0.379883 0.862305 0.302734
0 0.761719 0.374023 0.757812 0.450195 0.849609 0.456055 0.851562 0.379883
0 0.753906 0.451172 0.749023 0.529297 0.837891 0.535156 0.840820 0.458984
0 0.744141 0.528320 0.739258 0.605469 0.828125 0.611328 0.832031 0.534180
0 0.733398 0.605469 0.726562 0.684570 0.818359 0.690430 0.822266 0.612305
0 0.722656 0.682617 0.717773 0.756836 0.809570 0.762695 0.812500 0.688477
0 0.714844 0.759766 0.709961 0.835938 0.800781 0.841797 0.804688 0.766602
0 0.704102 0.835938 0.697266 0.914062 0.792969 0.922852 0.795898 0.843750
0 0.688477 0.913086 0.683594 0.989258 0.783203 0.996094 0.786133 0.918945
0 0.951172 0.860352 0.848633 0.848633 0.837891 0.925781 0.940430 0.938477
0 0.961914 0.783203 0.860352 0.771484 0.847656 0.849609 0.952148 0.862305
0 0.869141 0.695312 0.859375 0.771484 0.959961 0.782227 0.969727 0.703125
0 0.877930 0.616211 0.868164 0.692383 0.967773 0.702148 0.975586 0.626953
0 0.885742 0.541016 0.877930 0.616211 0.979492 0.624023 0.986328 0.546875
0 0.900391 0.463867 0.893555 0.540039 0.988281 0.547852 0.994141 0.471680
