1 0.123779 0.135986 0.187744 0.135986 0.187744 0.362061 0.123779 0.362061
1 0.187988 0.135986 0.253418 0.135986 0.253418 0.365967 0.187988 0.365967
1 0.253418 0.139893 0.315918 0.139893 0.315918 0.365967 0.253418 0.365967
1 0.314453 0.138916 0.379883 0.138916 0.379883 0.369873 0.314453 0.369873
1 0.380127 0.138916 0.446045 0.138916 0.446045 0.369873 0.380127 0.369873
1 0.446045 0.138916 0.510010 0.138916 0.510010 0.372803 0.446045 0.372803
1 0.510254 0.143799 0.572754 0.143799 0.572754 0.372803 0.510254 0.372803
1 0.572266 0.143799 0.641602 0.143799 0.641602 0.373779 0.572266 0.373779
1 0.641602 0.144775 0.705078 0.144775 0.705078 0.373779 0.641602 0.373779
1 0.705322 0.144775 0.771240 0.144775 0.771240 0.376709 0.705322 0.376709
1 0.770996 0.145752 0.836426 0.145752 0.836426 0.376709 0.770996 0.376709
1 0.836182 0.145752 0.901123 0.145752 0.901123 0.379639 0.836182 0.379639
1 0.902832 0.145508 0.969238 0.145508 0.969238 0.380859 0.902832 0.380859
1 0.900635 0.662842 0.967529 0.662842 0.967529 0.891846 0.900635 0.891846
1 0.835449 0.659912 0.900879 0.659912 0.900879 0.891846 0.835449 0.891846
1 0.768311 0.659912 0.835205 0.659912 0.835205 0.887939 0.768311 0.887939
1 0.702393 0.654053 0.768311 0.654053 0.768311 0.887939 0.702393 0.887939
1 0.636230 0.654053 0.702637 0.654053 0.702637 0.886963 0.636230 0.886963
1 0.572510 0.650146 0.636475 0.650146 0.636475 0.883057 0.572510 0.883057
1 0.506592 0.647705 0.572510 0.647705 0.572510 0.881592 0.506592 0.881592
1 0.440918 0.645752 0.506348 0.645752 0.506348 0.879639 0.440918 0.879639
1 0.375977 0.645752 0.441406 0.645752 0.441406 0.876709 0.375977 0.876709
1 0.312256 0.643799 0.376221 0.643799 0.376221 0.876709 0.312256 0.876709
1 0.245850 0.643799 0.311768 0.643799 0.311768 0.874756 0.245850 0.874756
1 0.181885 0.639648 0.245850 0.639648 0.245850 0.875000 0.181885 0.875000
1 0.119629 0.639893 0.182129 0.639893 0.182129 0.869873 0.119629 0.869873
