1 0.15576171875 0.2490234375 0.06396484375 0.22607421875
1 0.220703125 0.2509765625 0.0654296875 0.22998046875
1 0.28466796875 0.2529296875 0.0625 0.22607421875
1 0.34716796875 0.25439453125 0.0654296875 0.23095703125
1 0.4130859375 0.25439453125 0.06591796875 0.23095703125
1 0.47802734375 0.255859375 0.06396484375 0.23388671875
1 0.54150390625 0.25830078125 0.0625 0.22900390625
1 0.60693359375 0.2587890625 0.0693359375 0.22998046875
1 0.67333984375 0.25927734375 0.0634765625 0.22900390625
1 0.73828125 0.2607421875 0.06591796875 0.23193359375
1 0.8037109375 0.26123046875 0.0654296875 0.23095703125
1 0.86865234375 0.2626953125 0.06494140625 0.23388671875
1 0.93603515625 0.26318359375 0.06640625 0.2353515625
1 0.93408203125 0.77734375 0.06689453125 0.22900390625
1 0.8681640625 0.77587890625 0.0654296875 0.23193359375
1 0.8017578125 0.77392578125 0.06689453125 0.22802734375
1 0.7353515625 0.77099609375 0.06591796875 0.23388671875
1 0.66943359375 0.7705078125 0.06640625 0.23291015625
1 0.6044921875 0.7666015625 0.06396484375 0.23291015625
1 0.53955078125 0.7646484375 0.06591796875 0.23388671875
1 0.4736328125 0.7626953125 0.0654296875 0.23388671875
1 0.40869140625 0.76123046875 0.0654296875 0.23095703125
1 0.34423828125 0.76025390625 0.06396484375 0.23291015625
1 0.27880859375 0.75927734375 0.06591796875 0.23095703125
1 0.2138671875 0.75732421875 0.06396484375 0.2353515625
1 0.15087890625 0.7548828125 0.0625 0.22998046875