1 0.266602 0.110352 0.141602 0.122070 0.180664 0.478516 0.300781 0.469727
1 0.265625 0.110352 0.301758 0.469727 0.425781 0.456055 0.392578 0.097656
1 0.425781 0.456055 0.551758 0.443359 0.513672 0.085938 0.389648 0.098633
1 0.638672 0.073242 0.515625 0.087891 0.553711 0.443359 0.674805 0.433594
1 0.676758 0.434570 0.801758 0.420898 0.761719 0.060547 0.638672 0.075195
1 0.761719 0.061523 0.801758 0.418945 0.926758 0.405273 0.887695 0.049805
0 0.968750 0.810547 0.930664 0.455078 0.803711 0.466797 0.841797 0.826172
0 0.840820 0.822266 0.803711 0.466797 0.680664 0.479492 0.719727 0.836914
0 0.594727 0.847656 0.718750 0.833984 0.680664 0.479492 0.557617 0.490234
0 0.594727 0.849609 0.556641 0.491211 0.432617 0.503906 0.471680 0.863281
0 0.470703 0.862305 0.432617 0.503906 0.308594 0.517578 0.347656 0.874023
0 0.221680 0.886719 0.348633 0.870117 0.308594 0.516602 0.185547 0.528320
