1 0.1435546875 0.119140625 0.1787109375 0.478515625 0.3046875 0.46875 0.265625 0.107421875 0.1435546875 0.119140625
1 0.265625 0.107421875 0.302734375 0.46875 0.4287109375 0.4541015625 0.392578125 0.0966796875 0.265625 0.107421875
1 0.392578125 0.0966796875 0.4287109375 0.4560546875 0.5537109375 0.4462890625 0.515625 0.083984375 0.392578125 0.0966796875
1 0.5146484375 0.0849609375 0.5517578125 0.4453125 0.677734375 0.4326171875 0.6376953125 0.0732421875 0.5146484375 0.0849609375
1 0.7626953125 0.0625 0.6376953125 0.072265625 0.67578125 0.4306640625 0.80078125 0.419921875 0.7626953125 0.0625
1 0.8876953125 0.0498046875 0.76171875 0.0634765625 0.7998046875 0.419921875 0.9248046875 0.4072265625 0.8876953125 0.0498046875
0 0.970703125 0.814453125 0.931640625 0.4560546875 0.8046875 0.46875 0.83984375 0.826171875 0.970703125 0.814453125
0 0.841796875 0.8251953125 0.8046875 0.46875 0.6806640625 0.4794921875 0.7177734375 0.8349609375 0.841796875 0.8251953125
0 0.71875 0.833984375 0.6806640625 0.4794921875 0.556640625 0.490234375 0.59375 0.8486328125 0.71875 0.833984375
0 0.556640625 0.490234375 0.431640625 0.50390625 0.470703125 0.8623046875 0.5947265625 0.84765625 0.556640625 0.490234375
0 0.3466796875 0.8720703125 0.4697265625 0.861328125 0.4326171875 0.50390625 0.30859375 0.515625 0.3466796875 0.8720703125
0 0.34765625 0.8701171875 0.30859375 0.5166015625 0.1826171875 0.5283203125 0.22265625 0.884765625 0.34765625 0.8701171875