1 0.1435546875 0.1220703125 0.1796875 0.4814453125 0.3046875 0.4697265625 0.267578125 0.1103515625 0.1435546875 0.1220703125
1 0.267578125 0.111328125 0.302734375 0.46875 0.4296875 0.45703125 0.392578125 0.0986328125 0.267578125 0.111328125
1 0.392578125 0.0986328125 0.4296875 0.4580078125 0.5537109375 0.4453125 0.515625 0.0859375 0.392578125 0.0986328125
1 0.515625 0.0859375 0.5537109375 0.4443359375 0.6767578125 0.4345703125 0.63671875 0.072265625 0.515625 0.0859375
1 0.63671875 0.072265625 0.6787109375 0.43359375 0.802734375 0.41796875 0.7646484375 0.05859375 0.63671875 0.072265625
1 0.7626953125 0.05859375 0.802734375 0.4208984375 0.92578125 0.4091796875 0.8876953125 0.048828125 0.7626953125 0.05859375
0 0.96875 0.8134765625 0.9306640625 0.455078125 0.8056640625 0.466796875 0.841796875 0.826171875 0.96875 0.8134765625
0 0.8427734375 0.8271484375 0.8056640625 0.466796875 0.6826171875 0.4794921875 0.7216796875 0.841796875 0.8427734375 0.8271484375
0 0.6826171875 0.4794921875 0.55859375 0.4912109375 0.5947265625 0.849609375 0.7197265625 0.8369140625 0.6826171875 0.4794921875
0 0.59765625 0.849609375 0.55859375 0.4912109375 0.4326171875 0.50390625 0.470703125 0.861328125 0.59765625 0.849609375
0 0.3486328125 0.873046875 0.470703125 0.861328125 0.4326171875 0.50390625 0.310546875 0.517578125 0.3486328125 0.873046875
0 0.3095703125 0.5166015625 0.1826171875 0.52734375 0.220703125 0.884765625 0.34765625 0.873046875 0.3095703125 0.5166015625