1 0.143555 0.122070 0.179688 0.481445 0.304688 0.469727 0.267578 0.110352
1 0.267578 0.111328 0.302734 0.468750 0.429688 0.457031 0.392578 0.098633
1 0.392578 0.098633 0.429688 0.458008 0.553711 0.445312 0.515625 0.085938
1 0.515625 0.085938 0.553711 0.444336 0.676758 0.434570 0.636719 0.072266
1 0.636719 0.072266 0.678711 0.433594 0.802734 0.417969 0.764648 0.058594
1 0.762695 0.058594 0.802734 0.420898 0.925781 0.409180 0.887695 0.048828
0 0.968750 0.813477 0.930664 0.455078 0.805664 0.466797 0.841797 0.826172
0 0.842773 0.827148 0.805664 0.466797 0.682617 0.479492 0.721680 0.841797
0 0.682617 0.479492 0.558594 0.491211 0.594727 0.849609 0.719727 0.836914
0 0.597656 0.849609 0.558594 0.491211 0.432617 0.503906 0.470703 0.861328
0 0.348633 0.873047 0.470703 0.861328 0.432617 0.503906 0.310547 0.517578
0 0.309570 0.516602 0.182617 0.527344 0.220703 0.884766 0.347656 0.873047
