1 0.143555 0.119141 0.178711 0.478516 0.304688 0.468750 0.265625 0.107422
1 0.265625 0.107422 0.302734 0.468750 0.428711 0.454102 0.392578 0.096680
1 0.392578 0.096680 0.428711 0.456055 0.553711 0.446289 0.515625 0.083984
1 0.514648 0.084961 0.551758 0.445312 0.677734 0.432617 0.637695 0.073242
1 0.762695 0.062500 0.637695 0.072266 0.675781 0.430664 0.800781 0.419922
1 0.887695 0.049805 0.761719 0.063477 0.799805 0.419922 0.924805 0.407227
0 0.970703 0.814453 0.931641 0.456055 0.804688 0.468750 0.839844 0.826172
0 0.841797 0.825195 0.804688 0.468750 0.680664 0.479492 0.717773 0.834961
0 0.718750 0.833984 0.680664 0.479492 0.556641 0.490234 0.593750 0.848633
0 0.556641 0.490234 0.431641 0.503906 0.470703 0.862305 0.594727 0.847656
0 0.346680 0.872070 0.469727 0.861328 0.432617 0.503906 0.308594 0.515625
0 0.347656 0.870117 0.308594 0.516602 0.182617 0.528320 0.222656 0.884766
