1 0.075195 0.294922 0.154297 0.650391 0.263672 0.625977 0.180664 0.271484
0 0.180664 0.271484 0.260742 0.625000 0.380859 0.597656 0.299805 0.244141
0 0.299805 0.243164 0.378906 0.598633 0.498047 0.573242 0.416016 0.214844
0 0.416016 0.214844 0.495117 0.572266 0.609375 0.545898 0.527344 0.187500
1 0.528320 0.187500 0.609375 0.548828 0.725586 0.517578 0.641602 0.165039
0 0.641602 0.165039 0.722656 0.517578 0.840820 0.492188 0.761719 0.133789
0 0.761719 0.133789 0.838867 0.492188 0.958008 0.466797 0.875000 0.104492
0 0.921875 0.846680 0.840820 0.493164 0.721680 0.518555 0.801758 0.875000
0 0.803711 0.875977 0.721680 0.518555 0.608398 0.542969 0.690430 0.901367
0 0.691406 0.897461 0.608398 0.542969 0.497070 0.571289 0.576172 0.925781
0 0.579102 0.924805 0.497070 0.571289 0.380859 0.599609 0.459961 0.952148
1 0.460938 0.951172 0.380859 0.599609 0.261719 0.624023 0.342773 0.979492
0 0.345703 0.977539 0.261719 0.624023 0.154297 0.651367 0.237305 1.000000
