0 0.004639 0.181396 0.188721 0.181396 0.188721 0.300049 0.004639 0.300049
0 0.006104 0.300049 0.188232 0.300049 0.188232 0.415771 0.006104 0.415771
0 0.006104 0.415771 0.190186 0.415771 0.190186 0.534424 0.006104 0.534424
0 0.007080 0.534424 0.190186 0.534424 0.190186 0.652100 0.007080 0.652100
0 0.006592 0.652100 0.190674 0.652100 0.190674 0.767822 0.006592 0.767822
0 0.007568 0.767334 0.190674 0.767334 0.190674 0.885986 0.007568 0.885986
0 0.007080 0.885010 0.189209 0.885010 0.189209 0.999756 0.007080 0.999756
0 0.399170 0.883789 0.578369 0.883789 0.578369 1.000000 0.399170 1.000000
0 0.603516 0.885986 0.784180 0.885986 0.784180 0.999756 0.603516 0.999756
1 0.601807 0.768311 0.783936 0.768311 0.783936 0.885986 0.601807 0.885986
1 0.601807 0.653076 0.783936 0.653076 0.783936 0.768799 0.601807 0.768799
0 0.600342 0.534424 0.784424 0.534424 0.784424 0.653076 0.600342 0.653076
1 0.600342 0.417725 0.783447 0.417725 0.783447 0.534424 0.600342 0.534424
0 0.602539 0.302002 0.783203 0.302002 0.783203 0.417725 0.602539 0.417725
1 0.602783 0.181396 0.781982 0.181396 0.781982 0.302002 0.602783 0.302002
0 0.395752 0.180420 0.578857 0.180420 0.578857 0.300049 0.395752 0.300049
1 0.395752 0.300049 0.578857 0.300049 0.578857 0.417725 0.395752 0.417725
0 0.395752 0.417725 0.578857 0.417725 0.578857 0.533447 0.395752 0.533447
1 0.396729 0.533447 0.578857 0.533447 0.578857 0.653076 0.396729 0.653076
0 0.396729 0.653076 0.578857 0.653076 0.578857 0.767822 0.396729 0.767822
0 0.396729 0.767334 0.578857 0.767334 0.578857 0.884033 0.396729 0.884033
