1 0.003906 0.658203 0.156250 0.686523 0.280273 0.435547 0.165039 0.416992
1 0.279297 0.435547 0.157227 0.685547 0.309570 0.716797 0.396484 0.458008
1 0.396484 0.458008 0.307617 0.716797 0.468750 0.748047 0.516602 0.477539
0 0.516602 0.477539 0.468750 0.750000 0.629883 0.774414 0.637695 0.501953
0 0.637695 0.501953 0.630859 0.772461 0.794922 0.809570 0.759766 0.520508
0 0.757812 0.522461 0.882812 0.544922 0.831055 0.371094 0.738281 0.353516
1 0.758789 0.520508 0.738281 0.353516 0.640625 0.337891 0.637695 0.500977
1 0.636719 0.501953 0.637695 0.336914 0.543945 0.321289 0.517578 0.479492
1 0.515625 0.479492 0.543945 0.321289 0.449219 0.304688 0.395508 0.460938
1 0.393555 0.458984 0.449219 0.304688 0.356445 0.290039 0.279297 0.438477
1 0.258789 0.275391 0.167969 0.416016 0.278320 0.435547 0.352539 0.291016
1 0.526367 0.120117 0.458984 0.108398 0.426758 0.173828 0.501953 0.185547
1 0.523438 0.120117 0.502930 0.184570 0.580078 0.199219 0.589844 0.131836
1 0.589844 0.133789 0.579102 0.198242 0.656250 0.210938 0.657227 0.144531
1 0.655273 0.143555 0.658203 0.210938 0.732422 0.226562 0.720703 0.154297
1 0.721680 0.156250 0.731445 0.223633 0.809570 0.239258 0.787109 0.168945
1 0.787109 0.168945 0.808594 0.240234 0.885742 0.250977 0.856445 0.181641
1 0.965820 0.265625 0.928711 0.195312 0.855469 0.182617 0.884766 0.250977
1 0.396484 0.096680 0.351562 0.162109 0.430664 0.172852 0.460938 0.108398
1 0.333984 0.085938 0.280273 0.149414 0.354492 0.163086 0.396484 0.096680
1 0.269531 0.076172 0.207031 0.137695 0.280273 0.151367 0.332031 0.084961
1 0.484375 0.056641 0.458984 0.107422 0.524414 0.119141 0.541016 0.067383
1 0.526367 0.119141 0.588867 0.130859 0.598633 0.079102 0.541016 0.068359
1 0.656250 0.143555 0.656250 0.089844 0.599609 0.079102 0.589844 0.130859
