1 0.113672 0.546875 0.145508 0.676758 0.224609 0.622070 0.184961 0.496094
1 0.183594 0.496094 0.223633 0.624023 0.291992 0.576172 0.249023 0.454102
1 0.248438 0.453125 0.290430 0.576172 0.360742 0.525391 0.310937 0.407227
1 0.310937 0.408203 0.360742 0.526367 0.428125 0.478516 0.373437 0.363281
0 0.373437 0.363281 0.429102 0.479492 0.497461 0.428711 0.437891 0.315430
1 0.437891 0.315430 0.497461 0.430664 0.567773 0.379883 0.504297 0.269531
1 0.504297 0.269531 0.566797 0.380859 0.637109 0.331055 0.567773 0.222656
1 0.567773 0.222656 0.636133 0.332031 0.707422 0.280273 0.633203 0.177734
1 0.633203 0.177734 0.706445 0.281250 0.779687 0.228516 0.697656 0.126953
1 0.697656 0.126953 0.777734 0.229492 0.850000 0.178711 0.758203 0.083008
1 0.456445 0.753906 0.554102 1.000000 0.645898 0.939453 0.531641 0.698242
1 0.531641 0.698242 0.646875 0.941406 0.734766 0.880859 0.609766 0.642578
1 0.609766 0.642578 0.734766 0.881836 0.827539 0.816406 0.685937 0.586914
1 0.685937 0.586914 0.829492 0.822266 0.924219 0.752930 0.767969 0.531250
