1 0.00390625 0.658203125 0.15625 0.6865234375 0.2802734375 0.435546875 0.1650390625 0.4169921875 0.00390625 0.658203125
1 0.279296875 0.435546875 0.1572265625 0.685546875 0.3095703125 0.716796875 0.396484375 0.4580078125 0.279296875 0.435546875
1 0.396484375 0.4580078125 0.3076171875 0.716796875 0.46875 0.748046875 0.5166015625 0.4775390625 0.396484375 0.4580078125
0 0.5166015625 0.4775390625 0.46875 0.75 0.6298828125 0.7744140625 0.6376953125 0.501953125 0.5166015625 0.4775390625
0 0.6376953125 0.501953125 0.630859375 0.7724609375 0.794921875 0.8095703125 0.759765625 0.5205078125 0.6376953125 0.501953125
0 0.7578125 0.5224609375 0.8828125 0.544921875 0.8310546875 0.37109375 0.73828125 0.353515625 0.7578125 0.5224609375
1 0.7587890625 0.5205078125 0.73828125 0.353515625 0.640625 0.337890625 0.6376953125 0.5009765625 0.7587890625 0.5205078125
1 0.63671875 0.501953125 0.6376953125 0.3369140625 0.5439453125 0.3212890625 0.517578125 0.4794921875 0.63671875 0.501953125
1 0.515625 0.4794921875 0.5439453125 0.3212890625 0.44921875 0.3046875 0.3955078125 0.4609375 0.515625 0.4794921875
1 0.3935546875 0.458984375 0.44921875 0.3046875 0.3564453125 0.2900390625 0.279296875 0.4384765625 0.3935546875 0.458984375
1 0.2587890625 0.275390625 0.16796875 0.416015625 0.2783203125 0.435546875 0.3525390625 0.291015625 0.2587890625 0.275390625
1 0.5263671875 0.1201171875 0.458984375 0.1083984375 0.4267578125 0.173828125 0.501953125 0.185546875 0.5263671875 0.1201171875
1 0.5234375 0.1201171875 0.5029296875 0.1845703125 0.580078125 0.19921875 0.58984375 0.1318359375 0.5234375 0.1201171875
1 0.58984375 0.1337890625 0.5791015625 0.1982421875 0.65625 0.2109375 0.6572265625 0.14453125 0.58984375 0.1337890625
1 0.6552734375 0.1435546875 0.658203125 0.2109375 0.732421875 0.2265625 0.720703125 0.154296875 0.6552734375 0.1435546875
1 0.7216796875 0.15625 0.7314453125 0.2236328125 0.8095703125 0.2392578125 0.787109375 0.1689453125 0.7216796875 0.15625
1 0.787109375 0.1689453125 0.80859375 0.240234375 0.8857421875 0.2509765625 0.8564453125 0.181640625 0.787109375 0.1689453125
1 0.9658203125 0.265625 0.9287109375 0.1953125 0.85546875 0.1826171875 0.884765625 0.2509765625 0.9658203125 0.265625
1 0.396484375 0.0966796875 0.3515625 0.162109375 0.4306640625 0.1728515625 0.4609375 0.1083984375 0.396484375 0.0966796875
1 0.333984375 0.0859375 0.2802734375 0.1494140625 0.3544921875 0.1630859375 0.396484375 0.0966796875 0.333984375 0.0859375
1 0.26953125 0.076171875 0.20703125 0.1376953125 0.2802734375 0.1513671875 0.33203125 0.0849609375 0.26953125 0.076171875
1 0.484375 0.056640625 0.458984375 0.107421875 0.5244140625 0.119140625 0.541015625 0.0673828125 0.484375 0.056640625
1 0.5263671875 0.119140625 0.5888671875 0.130859375 0.5986328125 0.0791015625 0.541015625 0.068359375 0.5263671875 0.119140625
1 0.65625 0.1435546875 0.65625 0.08984375 0.599609375 0.0791015625 0.58984375 0.130859375 0.65625 0.1435546875