0 0.508789 0.884766 0.687500 0.957031 0.704102 0.623047 0.570312 0.574219
0 0.438477 0.526367 0.329102 0.825195 0.506836 0.883789 0.569336 0.575195
1 0.154297 0.754883 0.329102 0.824219 0.436523 0.525391 0.304688 0.475586
1 0.152344 0.754883 0.303711 0.478516 0.176758 0.427734 0.000000 0.675781
1 0.290039 0.277344 0.176758 0.427734 0.305664 0.474609 0.395508 0.313477
1 0.304688 0.475586 0.438477 0.525391 0.501953 0.350586 0.394531 0.314453
1 0.176758 0.431641 0.290039 0.278320 0.185547 0.240234 0.048828 0.382812
1 0.500000 0.351562 0.437500 0.524414 0.570312 0.575195 0.608398 0.387695
1 0.571289 0.574219 0.704102 0.623047 0.711914 0.424805 0.606445 0.386719
0 0.713867 0.427734 0.704102 0.625000 0.838867 0.673828 0.819336 0.463867
1 0.819336 0.306641 0.808594 0.219727 0.736328 0.195312 0.734375 0.278320
1 0.737305 0.196289 0.663086 0.168945 0.648438 0.248047 0.733398 0.277344
1 0.648438 0.248047 0.663086 0.168945 0.590820 0.142578 0.565430 0.217773
1 0.478516 0.187500 0.565430 0.217773 0.589844 0.142578 0.520508 0.116211
1 0.519531 0.117188 0.448242 0.091797 0.398438 0.160156 0.482422 0.187500
1 0.396484 0.160156 0.446289 0.092773 0.375977 0.066406 0.313477 0.128906
1 0.315430 0.128906 0.373047 0.066406 0.304688 0.041992 0.229492 0.101562
1 0.818359 0.307617 0.904297 0.337891 0.884766 0.248047 0.809570 0.219727
