0 0.056640625 0.306640625 0.00390625 0.4462890625 0.072265625 0.4541015625 0.12109375 0.3125 0.056640625 0.306640625
1 0.0732421875 0.455078125 0.1328125 0.4619140625 0.177734375 0.3212890625 0.123046875 0.3125 0.0732421875 0.455078125
0 0.1787109375 0.322265625 0.1328125 0.4619140625 0.1982421875 0.4677734375 0.2392578125 0.3291015625 0.1787109375 0.322265625
0 0.201171875 0.4677734375 0.26953125 0.4775390625 0.3046875 0.3369140625 0.240234375 0.328125 0.201171875 0.4677734375
0 0.3681640625 0.3466796875 0.3056640625 0.3388671875 0.2666015625 0.4765625 0.3359375 0.486328125 0.3681640625 0.3466796875
1 0.3369140625 0.4853515625 0.40234375 0.4931640625 0.431640625 0.35546875 0.3642578125 0.3466796875 0.3369140625 0.4853515625
0 0.43359375 0.35546875 0.4013671875 0.4912109375 0.4677734375 0.5009765625 0.4921875 0.361328125 0.43359375 0.35546875
0 0.556640625 0.3681640625 0.4931640625 0.361328125 0.46484375 0.501953125 0.537109375 0.5126953125 0.556640625 0.3681640625
0 0.537109375 0.513671875 0.59765625 0.5205078125 0.6162109375 0.37890625 0.552734375 0.3681640625 0.537109375 0.513671875
1 0.6005859375 0.521484375 0.6669921875 0.5283203125 0.6806640625 0.380859375 0.615234375 0.3759765625 0.6005859375 0.521484375
1 0.7421875 0.3896484375 0.6826171875 0.3818359375 0.6689453125 0.5244140625 0.734375 0.53515625 0.7421875 0.3896484375
1 0.736328125 0.537109375 0.8037109375 0.5478515625 0.8076171875 0.3974609375 0.7431640625 0.3896484375 0.736328125 0.537109375
1 0.8095703125 0.396484375 0.8076171875 0.5478515625 0.869140625 0.556640625 0.873046875 0.4091796875 0.8095703125 0.396484375
1 0.0751953125 0.4541015625 0.0205078125 0.6103515625 0.0888671875 0.6201171875 0.1328125 0.462890625 0.0751953125 0.4541015625
1 0.134765625 0.462890625 0.0888671875 0.6201171875 0.162109375 0.62890625 0.201171875 0.4697265625 0.134765625 0.462890625
1 0.2021484375 0.466796875 0.162109375 0.62890625 0.232421875 0.63671875 0.2685546875 0.4794921875 0.2021484375 0.466796875
1 0.2705078125 0.478515625 0.232421875 0.63671875 0.2998046875 0.6484375 0.3369140625 0.4873046875 0.2705078125 0.478515625
1 0.3388671875 0.4873046875 0.2998046875 0.6484375 0.3701171875 0.65234375 0.4013671875 0.494140625 0.3388671875 0.4873046875
1 0.404296875 0.494140625 0.3701171875 0.65234375 0.4404296875 0.6640625 0.4658203125 0.50390625 0.404296875 0.494140625
1 0.53125 0.5146484375 0.46875 0.50390625 0.4423828125 0.6630859375 0.51171875 0.6708984375 0.53125 0.5146484375
1 0.5322265625 0.51171875 0.51171875 0.6708984375 0.580078125 0.681640625 0.5986328125 0.5224609375 0.5322265625 0.51171875
1 0.580078125 0.681640625 0.65234375 0.6943359375 0.666015625 0.529296875 0.599609375 0.5205078125 0.580078125 0.681640625
0 0.802734375 0.544921875 0.79296875 0.712890625 0.8671875 0.7294921875 0.873046875 0.55859375 0.802734375 0.544921875
1 0.939453125 0.568359375 0.8701171875 0.556640625 0.8662109375 0.7294921875 0.94140625 0.740234375 0.939453125 0.568359375
1 0.0830078125 0.9423828125 0.1689453125 0.9609375 0.2099609375 0.78125 0.1376953125 0.76953125 0.0830078125 0.9423828125
1 0.2548828125 0.9736328125 0.2890625 0.7890625 0.212890625 0.7802734375 0.1669921875 0.9619140625 0.2548828125 0.9736328125
1 0.3720703125 0.8056640625 0.2900390625 0.7900390625 0.2568359375 0.974609375 0.33984375 0.9873046875 0.3720703125 0.8056640625
1 0.4228515625 0.9931640625 0.4482421875 0.8134765625 0.3740234375 0.8056640625 0.34375 0.9853515625 0.4228515625 0.9931640625