0 0.088867 0.063477 0.125977 0.229492 0.238281 0.206055 0.197266 0.041016
0 0.303711 0.020508 0.197266 0.041016 0.236328 0.204102 0.348633 0.179688
0 0.347656 0.182617 0.454102 0.158203 0.411133 0.000000 0.302734 0.019531
0 0.013672 0.251953 0.044922 0.429688 0.167969 0.406250 0.124023 0.229492
1 0.126953 0.228516 0.166992 0.406250 0.280273 0.380859 0.239258 0.206055
0 0.393555 0.354492 0.345703 0.182617 0.236328 0.205078 0.278320 0.380859
0 0.348633 0.182617 0.392578 0.356445 0.505859 0.332031 0.457031 0.160156
0 0.561523 0.137695 0.454102 0.159180 0.503906 0.332031 0.615234 0.308594
1 0.563477 0.134766 0.615234 0.306641 0.725586 0.281250 0.667969 0.113281
0 0.668945 0.114258 0.725586 0.281250 0.833008 0.256836 0.777344 0.089844
1 0.833008 0.256836 0.944336 0.233398 0.878906 0.067383 0.773438 0.090820
1 0.977539 0.654297 0.907227 0.461914 0.791992 0.488281 0.859375 0.679688
0 0.858398 0.679688 0.791992 0.488281 0.676758 0.513672 0.738281 0.711914
0 0.740234 0.709961 0.676758 0.513672 0.565430 0.541016 0.621094 0.737305
0 0.622070 0.739258 0.565430 0.541016 0.451172 0.568359 0.503906 0.765625
0 0.502930 0.765625 0.451172 0.568359 0.330078 0.593750 0.380859 0.797852
0 0.380859 0.793945 0.330078 0.593750 0.209961 0.623047 0.257812 0.823242
0 0.259766 0.825195 0.209961 0.623047 0.085938 0.646484 0.134766 0.852539
0 0.929688 0.891602 0.858398 0.681641 0.743164 0.708008 0.805664 0.919922
0 0.805664 0.919922 0.743164 0.708008 0.622070 0.736328 0.682617 0.947266
1 0.622070 0.736328 0.502930 0.763672 0.561523 0.982422 0.684570 0.948242
