1 0.682617 0.679688 0.705078 0.914062 0.843750 0.912109 0.792969 0.671875
1 0.706055 0.914062 0.683594 0.679688 0.583984 0.689453 0.584961 0.913086
1 0.583984 0.689453 0.491211 0.696289 0.473633 0.918945 0.585938 0.916016
1 0.367188 0.921875 0.474609 0.917969 0.492188 0.695312 0.405273 0.702148
1 0.319336 0.710938 0.267578 0.925781 0.367188 0.921875 0.403320 0.704102
1 0.318359 0.710938 0.235352 0.717773 0.170898 0.925781 0.265625 0.926758
1 0.156250 0.722656 0.081055 0.928711 0.170898 0.928711 0.235352 0.716797
1 0.716797 0.346680 0.644531 0.359375 0.654297 0.476562 0.737305 0.465820
1 0.574219 0.485352 0.653320 0.476562 0.644531 0.357422 0.577148 0.371094
1 0.578125 0.372070 0.512695 0.384766 0.502930 0.494141 0.578125 0.484375
1 0.450195 0.393555 0.431641 0.503906 0.502930 0.496094 0.513672 0.381836
1 0.362305 0.513672 0.433594 0.501953 0.451172 0.394531 0.391602 0.406250
1 0.364258 0.513672 0.393555 0.404297 0.334961 0.415039 0.298828 0.521484
1 0.279297 0.423828 0.235352 0.530273 0.297852 0.522461 0.336914 0.415039
0 0.226562 0.435547 0.173828 0.442383 0.112305 0.549805 0.171875 0.541016
1 0.172852 0.540039 0.237305 0.530273 0.280273 0.425781 0.226562 0.435547
1 0.120117 0.453125 0.055664 0.559570 0.115234 0.549805 0.172852 0.446289
1 0.635742 0.254883 0.641602 0.319336 0.708984 0.305664 0.698242 0.241211
1 0.641602 0.320312 0.636719 0.255859 0.578125 0.268555 0.579102 0.332031
1 0.579102 0.267578 0.523438 0.280273 0.517578 0.341797 0.577148 0.331055
1 0.471680 0.291016 0.459961 0.353516 0.515625 0.341797 0.521484 0.281250
1 0.417969 0.305664 0.404297 0.363281 0.461914 0.351562 0.472656 0.292969
1 0.367188 0.316406 0.348633 0.376953 0.403320 0.365234 0.417969 0.306641
1 0.315430 0.328125 0.293945 0.385742 0.349609 0.375977 0.367188 0.316406
1 0.267578 0.338867 0.241211 0.396484 0.293945 0.384766 0.314453 0.329102
1 0.222656 0.346680 0.194336 0.404297 0.241211 0.395508 0.269531 0.337891
1 0.625977 0.125977 0.628906 0.174805 0.683594 0.162109 0.674805 0.112305
1 0.625977 0.127930 0.579102 0.141602 0.578125 0.190430 0.629883 0.175781
1 0.534180 0.199219 0.581055 0.188477 0.581055 0.139648 0.537109 0.151367
1 0.537109 0.151367 0.492188 0.162109 0.487305 0.209961 0.535156 0.199219
1 0.450195 0.172852 0.441406 0.218750 0.486328 0.208984 0.493164 0.162109
1 0.414062 0.180664 0.397461 0.231445 0.439453 0.220703 0.452148 0.171875
1 0.373047 0.187500 0.352539 0.238281 0.396484 0.230469 0.415039 0.178711
