1 0.98046875 0.9248046875 0.955078125 0.78515625 0.853515625 0.791015625 0.8720703125 0.9287109375 0.98046875 0.9248046875
1 0.875 0.9296875 0.853515625 0.791015625 0.75 0.794921875 0.7705078125 0.935546875 0.875 0.9296875
1 0.7685546875 0.931640625 0.75 0.794921875 0.6533203125 0.8017578125 0.662109375 0.9365234375 0.7685546875 0.931640625
1 0.6640625 0.935546875 0.6533203125 0.8017578125 0.552734375 0.806640625 0.5595703125 0.9443359375 0.6640625 0.935546875
1 0.55859375 0.9462890625 0.552734375 0.806640625 0.45703125 0.8115234375 0.4560546875 0.9501953125 0.55859375 0.9462890625
1 0.4580078125 0.9482421875 0.4541015625 0.810546875 0.3544921875 0.8173828125 0.3525390625 0.95703125 0.4580078125 0.9482421875
0 0.3525390625 0.95703125 0.3544921875 0.8173828125 0.2578125 0.8212890625 0.248046875 0.9619140625 0.3525390625 0.95703125
1 0.2587890625 0.8203125 0.15234375 0.8251953125 0.14453125 0.96875 0.248046875 0.9619140625 0.2587890625 0.8203125
0 0.154296875 0.826171875 0.0517578125 0.8330078125 0.0361328125 0.9794921875 0.142578125 0.96875 0.154296875 0.826171875
1 0.95703125 0.7841796875 0.9326171875 0.65625 0.8330078125 0.6611328125 0.853515625 0.791015625 0.95703125 0.7841796875
0 0.853515625 0.791015625 0.83203125 0.66015625 0.7392578125 0.6650390625 0.751953125 0.794921875 0.853515625 0.791015625
1 0.751953125 0.794921875 0.7412109375 0.6640625 0.64453125 0.6689453125 0.654296875 0.8017578125 0.751953125 0.794921875
0 0.654296875 0.80078125 0.64453125 0.6689453125 0.546875 0.67578125 0.552734375 0.8076171875 0.654296875 0.80078125
1 0.5556640625 0.806640625 0.546875 0.67578125 0.4501953125 0.6796875 0.45703125 0.8125 0.5556640625 0.806640625
1 0.4541015625 0.8115234375 0.4501953125 0.6796875 0.35546875 0.6845703125 0.353515625 0.81640625 0.4541015625 0.8115234375
1 0.357421875 0.8154296875 0.35546875 0.6845703125 0.2626953125 0.6904296875 0.2568359375 0.8193359375 0.357421875 0.8154296875
1 0.2587890625 0.8212890625 0.2626953125 0.6904296875 0.1640625 0.693359375 0.154296875 0.828125 0.2587890625 0.8212890625
1 0.1552734375 0.8271484375 0.1640625 0.693359375 0.0673828125 0.69921875 0.0517578125 0.83203125 0.1552734375 0.8271484375
1 0.9130859375 0.5224609375 0.8935546875 0.4013671875 0.8037109375 0.408203125 0.814453125 0.5302734375 0.9130859375 0.5224609375
0 0.81640625 0.5283203125 0.8037109375 0.408203125 0.712890625 0.4140625 0.7236328125 0.5322265625 0.81640625 0.5283203125
1 0.7255859375 0.53125 0.712890625 0.4140625 0.6240234375 0.419921875 0.6337890625 0.5400390625 0.7255859375 0.53125
0 0.6328125 0.5400390625 0.6240234375 0.419921875 0.5380859375 0.4248046875 0.5400390625 0.541015625 0.6328125 0.5400390625
1 0.54296875 0.5439453125 0.5380859375 0.4248046875 0.447265625 0.4306640625 0.44921875 0.546875 0.54296875 0.5439453125
1 0.44921875 0.548828125 0.447265625 0.4306640625 0.361328125 0.43359375 0.3564453125 0.5517578125 0.44921875 0.548828125
1 0.357421875 0.55078125 0.359375 0.4345703125 0.2705078125 0.439453125 0.265625 0.5556640625 0.357421875 0.55078125
0 0.267578125 0.5537109375 0.2705078125 0.439453125 0.1826171875 0.4443359375 0.1708984375 0.5625 0.267578125 0.5537109375
1 0.1748046875 0.5634765625 0.18359375 0.4453125 0.091796875 0.451171875 0.0830078125 0.56640625 0.1748046875 0.5634765625
1 0.984375 0.3955078125 0.962890625 0.2822265625 0.875 0.2880859375 0.892578125 0.40234375 0.984375 0.3955078125
0 0.8935546875 0.4013671875 0.875 0.287109375 0.7880859375 0.2958984375 0.8017578125 0.4052734375 0.8935546875 0.4013671875
1 0.8017578125 0.40625 0.7880859375 0.2958984375 0.6982421875 0.302734375 0.712890625 0.4140625 0.8017578125 0.40625
0 0.712890625 0.4140625 0.7001953125 0.30078125 0.6142578125 0.30859375 0.623046875 0.4189453125 0.712890625 0.4140625
0 0.623046875 0.4189453125 0.615234375 0.30859375 0.5283203125 0.31640625 0.5380859375 0.4248046875 0.623046875 0.4189453125
1 0.5380859375 0.4248046875 0.529296875 0.314453125 0.443359375 0.318359375 0.4453125 0.427734375 0.5380859375 0.4248046875
0 0.4462890625 0.4296875 0.4443359375 0.318359375 0.3583984375 0.328125 0.359375 0.435546875 0.4462890625 0.4296875
1 0.359375 0.435546875 0.3603515625 0.326171875 0.2744140625 0.333984375 0.271484375 0.439453125 0.359375 0.435546875
1 0.271484375 0.439453125 0.2763671875 0.333984375 0.1865234375 0.3388671875 0.181640625 0.4453125 0.271484375 0.439453125
1 0.181640625 0.4453125 0.1884765625 0.3369140625 0.1025390625 0.34375 0.0927734375 0.4521484375 0.181640625 0.4453125
1 0.0927734375 0.453125 0.1025390625 0.3447265625 0.0126953125 0.345703125 0 0.4541015625 0.0927734375 0.453125
1 0.0390625 0.1494140625 0.02734375 0.2431640625 0.11328125 0.2412109375 0.1220703125 0.1474609375 0.0390625 0.1494140625
1 0.1220703125 0.1474609375 0.11328125 0.2412109375 0.193359375 0.2353515625 0.203125 0.14453125 0.1220703125 0.1474609375
1 0.1962890625 0.2333984375 0.2802734375 0.232421875 0.283203125 0.142578125 0.2021484375 0.1435546875 0.1962890625 0.2333984375
1 0.2822265625 0.1416015625 0.279296875 0.2294921875 0.3603515625 0.2255859375 0.36328125 0.1357421875 0.2822265625 0.1416015625
1 0.36328125 0.1357421875 0.361328125 0.2255859375 0.443359375 0.2216796875 0.4423828125 0.1318359375 0.36328125 0.1357421875
1 0.4423828125 0.1318359375 0.4443359375 0.220703125 0.525390625 0.216796875 0.521484375 0.12890625 0.4423828125 0.1318359375
1 0.521484375 0.12890625 0.525390625 0.21484375 0.607421875 0.2080078125 0.6015625 0.123046875 0.521484375 0.12890625
0 0.6015625 0.1220703125 0.6083984375 0.2080078125 0.689453125 0.203125 0.6826171875 0.1162109375 0.6015625 0.1220703125
0 0.68359375 0.115234375 0.69140625 0.201171875 0.7734375 0.1953125 0.763671875 0.109375 0.68359375 0.115234375
0 0.763671875 0.1083984375 0.775390625 0.1943359375 0.8583984375 0.1884765625 0.84375 0.099609375 0.763671875 0.1083984375
0 0.84375 0.099609375 0.859375 0.1875 0.9453125 0.1787109375 0.927734375 0.0888671875 0.84375 0.099609375
0 0.927734375 0.0908203125 0.9130859375 0.0087890625 0.8291015625 0.01953125 0.84375 0.1005859375 0.927734375 0.0908203125
0 0.8427734375 0.1005859375 0.8291015625 0.01953125 0.751953125 0.0283203125 0.76171875 0.109375 0.8427734375 0.1005859375
0 0.7607421875 0.1083984375 0.75 0.029296875 0.673828125 0.0361328125 0.681640625 0.1162109375 0.7607421875 0.1083984375
0 0.68359375 0.1171875 0.6748046875 0.0380859375 0.595703125 0.04296875 0.6015625 0.123046875 0.68359375 0.1171875
1 0.6005859375 0.1240234375 0.5947265625 0.0419921875 0.517578125 0.046875 0.521484375 0.1279296875 0.6005859375 0.1240234375
1 0.5244140625 0.1298828125 0.5205078125 0.0458984375 0.44140625 0.0498046875 0.4404296875 0.1328125 0.5244140625 0.1298828125
1 0.4443359375 0.1318359375 0.4423828125 0.0478515625 0.365234375 0.05078125 0.36328125 0.134765625 0.4443359375 0.1318359375
0 0.36328125 0.13671875 0.365234375 0.05078125 0.2861328125 0.0546875 0.283203125 0.1416015625 0.36328125 0.13671875
0 0.2841796875 0.140625 0.2880859375 0.0537109375 0.2099609375 0.056640625 0.203125 0.14453125 0.2841796875 0.140625
1 0.203125 0.14453125 0.2080078125 0.0576171875 0.1298828125 0.0595703125 0.1201171875 0.1474609375 0.203125 0.14453125
0 0.1220703125 0.1455078125 0.1298828125 0.0595703125 0.0498046875 0.0625 0.037109375 0.1484375 0.1220703125 0.1455078125