0 0.795898 0.550781 0.661133 0.526367 0.648438 0.827148 0.831055 0.869141
0 0.662109 0.525391 0.529297 0.498047 0.473633 0.793945 0.647461 0.823242
1 0.529297 0.499023 0.397461 0.473633 0.295898 0.753906 0.473633 0.794922
1 0.131836 0.717773 0.298828 0.753906 0.398438 0.473633 0.270508 0.447266
1 0.143555 0.422852 0.273438 0.448242 0.351562 0.289062 0.252930 0.269531
1 0.397461 0.473633 0.459961 0.307617 0.354492 0.288086 0.268555 0.447266
1 0.529297 0.499023 0.564453 0.330078 0.458008 0.307617 0.395508 0.473633
1 0.563477 0.328125 0.529297 0.499023 0.663086 0.523438 0.669922 0.344727
1 0.670898 0.343750 0.661133 0.525391 0.795898 0.548828 0.779297 0.363281
1 0.778320 0.363281 0.793945 0.551758 0.929688 0.577148 0.881836 0.383789
1 0.474609 0.090820 0.436523 0.164062 0.519531 0.176758 0.544922 0.103516
1 0.544922 0.103516 0.518555 0.177734 0.605469 0.191406 0.616211 0.118164
1 0.616211 0.118164 0.601562 0.192383 0.688477 0.207031 0.689453 0.129883
1 0.689453 0.129883 0.687500 0.208008 0.771484 0.224609 0.761719 0.144531
1 0.761719 0.143555 0.772461 0.224609 0.855469 0.240234 0.833984 0.158203
1 0.836914 0.160156 0.855469 0.240234 0.939453 0.256836 0.908203 0.176758
1 0.437500 0.161133 0.474609 0.090820 0.404297 0.079102 0.355469 0.149414
1 0.351562 0.149414 0.404297 0.079102 0.334961 0.065430 0.272461 0.133789
1 0.273438 0.135742 0.334961 0.065430 0.265625 0.051758 0.194336 0.122070
1 0.688477 0.128906 0.689453 0.071289 0.626953 0.061523 0.617188 0.118164
1 0.618164 0.118164 0.626953 0.061523 0.564453 0.048828 0.543945 0.104492
1 0.545898 0.104492 0.564453 0.048828 0.501953 0.033203 0.473633 0.090820
