0 0.6865234375 0.958984375 0.7041015625 0.6220703125 0.572265625 0.57421875 0.50390625 0.884765625 0.6865234375 0.958984375
0 0.5087890625 0.8857421875 0.572265625 0.57421875 0.4375 0.5244140625 0.3310546875 0.8203125 0.5087890625 0.8857421875
1 0.4384765625 0.5263671875 0.3046875 0.478515625 0.1513671875 0.755859375 0.3271484375 0.8232421875 0.4384765625 0.5263671875
1 0.17578125 0.4287109375 0 0.67578125 0.1533203125 0.7548828125 0.302734375 0.4794921875 0.17578125 0.4287109375
1 0.302734375 0.4794921875 0.392578125 0.3154296875 0.2890625 0.2822265625 0.1767578125 0.4267578125 0.302734375 0.4794921875
1 0.501953125 0.35546875 0.392578125 0.3154296875 0.3056640625 0.4775390625 0.439453125 0.525390625 0.501953125 0.35546875
1 0.5 0.353515625 0.4423828125 0.525390625 0.5693359375 0.572265625 0.607421875 0.3916015625 0.5 0.353515625
1 0.607421875 0.392578125 0.5693359375 0.572265625 0.7060546875 0.619140625 0.71875 0.431640625 0.607421875 0.392578125
0 0.70703125 0.625 0.841796875 0.6748046875 0.8212890625 0.4619140625 0.71875 0.4267578125 0.70703125 0.625
1 0.5205078125 0.115234375 0.482421875 0.1884765625 0.5673828125 0.2177734375 0.591796875 0.1435546875 0.5205078125 0.115234375
1 0.591796875 0.142578125 0.56640625 0.216796875 0.6513671875 0.2490234375 0.6650390625 0.1708984375 0.591796875 0.142578125
1 0.65234375 0.24609375 0.7353515625 0.2783203125 0.736328125 0.1953125 0.6630859375 0.169921875 0.65234375 0.24609375
1 0.8125 0.22265625 0.7353515625 0.1953125 0.7353515625 0.2802734375 0.8203125 0.3095703125 0.8125 0.22265625
1 0.8203125 0.3095703125 0.9052734375 0.3388671875 0.8837890625 0.25 0.8134765625 0.22265625 0.8203125 0.3095703125
1 0.51953125 0.1171875 0.447265625 0.0908203125 0.3974609375 0.1591796875 0.4833984375 0.1875 0.51953125 0.1171875
1 0.3154296875 0.1279296875 0.400390625 0.1572265625 0.4482421875 0.091796875 0.375 0.0654296875 0.3154296875 0.1279296875
1 0.3740234375 0.068359375 0.3046875 0.0439453125 0.2353515625 0.1025390625 0.3134765625 0.12890625 0.3740234375 0.068359375