1 0.06640625 0.5283203125 0.052734375 0.662109375 0.13671875 0.6181640625 0.125 0.490234375 0.06640625 0.5283203125
1 0.169921875 0.4599609375 0.126953125 0.48828125 0.1357421875 0.6181640625 0.1953125 0.5810546875 0.169921875 0.4599609375
1 0.267578125 0.533203125 0.2333984375 0.419921875 0.16796875 0.4580078125 0.1962890625 0.580078125 0.267578125 0.533203125
1 0.32421875 0.498046875 0.2861328125 0.3818359375 0.2333984375 0.4169921875 0.265625 0.53515625 0.32421875 0.498046875
1 0.3388671875 0.3486328125 0.287109375 0.3798828125 0.3232421875 0.49609375 0.3818359375 0.45703125 0.3388671875 0.3486328125
1 0.3818359375 0.4580078125 0.4423828125 0.4208984375 0.392578125 0.3125 0.33984375 0.3466796875 0.3818359375 0.4580078125
0 0.451171875 0.2734375 0.3935546875 0.3125 0.44140625 0.4189453125 0.505859375 0.376953125 0.451171875 0.2734375
1 0.50390625 0.3759765625 0.56640625 0.337890625 0.51171875 0.234375 0.451171875 0.275390625 0.50390625 0.3759765625
1 0.625 0.2958984375 0.564453125 0.197265625 0.5107421875 0.234375 0.5654296875 0.337890625 0.625 0.2958984375
1 0.5634765625 0.1962890625 0.626953125 0.296875 0.6865234375 0.2509765625 0.619140625 0.158203125 0.5634765625 0.1962890625
1 0.6875 0.2529296875 0.75 0.216796875 0.673828125 0.123046875 0.6142578125 0.16015625 0.6875 0.2529296875
1 0.810546875 0.173828125 0.7265625 0.08203125 0.673828125 0.123046875 0.7509765625 0.2177734375 0.810546875 0.173828125
1 0.8720703125 0.1298828125 0.7880859375 0.041015625 0.73046875 0.0810546875 0.8134765625 0.171875 0.8720703125 0.1298828125
0 0.9423828125 0.619140625 0.8037109375 0.4267578125 0.73046875 0.470703125 0.857421875 0.669921875 0.9423828125 0.619140625
1 0.8583984375 0.6728515625 0.732421875 0.47265625 0.662109375 0.5185546875 0.7734375 0.7236328125 0.8583984375 0.6728515625
1 0.662109375 0.51953125 0.58984375 0.56640625 0.693359375 0.7734375 0.7763671875 0.7216796875 0.662109375 0.51953125
1 0.6142578125 0.8251953125 0.693359375 0.7724609375 0.591796875 0.564453125 0.5234375 0.609375 0.6142578125 0.8251953125
1 0.6171875 0.8232421875 0.525390625 0.6083984375 0.455078125 0.6533203125 0.537109375 0.8740234375 0.6171875 0.8232421875
1 0.537109375 0.8740234375 0.4560546875 0.654296875 0.3876953125 0.6982421875 0.455078125 0.9267578125 0.537109375 0.8740234375
1 0.455078125 0.9267578125 0.388671875 0.701171875 0.3193359375 0.74609375 0.3779296875 0.974609375 0.455078125 0.9267578125