1 0.058594 0.369141 0.181641 0.361328 0.189453 0.137695 0.075195 0.144531
0 0.182617 0.360352 0.305664 0.352539 0.304688 0.129883 0.189453 0.137695
1 0.304688 0.130859 0.304688 0.351562 0.426758 0.342773 0.419922 0.124023
1 0.419922 0.125000 0.427734 0.342773 0.547852 0.333984 0.533203 0.114258
1 0.535156 0.114258 0.547852 0.334961 0.670898 0.325195 0.649414 0.103516
0 0.649414 0.104492 0.673828 0.325195 0.795898 0.315430 0.763672 0.094727
1 0.795898 0.315430 0.921875 0.305664 0.881836 0.085938 0.762695 0.093750
1 0.251953 0.667969 0.248047 0.974609 0.394531 0.962891 0.388672 0.659180
1 0.389648 0.659180 0.392578 0.962891 0.538086 0.952148 0.520508 0.649414
1 0.520508 0.649414 0.538086 0.952148 0.682617 0.942383 0.652344 0.641602
1 0.652344 0.641602 0.682617 0.945312 0.830078 0.934570 0.788086 0.633789
1 0.788086 0.633789 0.830078 0.934570 0.976562 0.925781 0.922852 0.623047
