1 0.034180 0.044922 0.008789 0.290039 0.146484 0.290039 0.163086 0.045898
0 0.288086 0.049805 0.163086 0.045898 0.145508 0.291016 0.278320 0.291016
1 0.278320 0.291992 0.415039 0.293945 0.416016 0.050781 0.287109 0.049805
1 0.416992 0.050781 0.414062 0.292969 0.549805 0.292969 0.540039 0.051758
1 0.541016 0.050781 0.545898 0.293945 0.684570 0.292969 0.666992 0.049805
0 0.816406 0.293945 0.790039 0.051758 0.663086 0.051758 0.681641 0.291992
1 0.614258 0.631836 0.630859 0.963867 0.797852 0.963867 0.763672 0.632812
1 0.630859 0.963867 0.615234 0.633789 0.468750 0.631836 0.471680 0.961914
1 0.472656 0.961914 0.468750 0.631836 0.324219 0.633789 0.314453 0.965820
1 0.314453 0.965820 0.324219 0.633789 0.177734 0.634766 0.154297 0.965820
1 0.155273 0.970703 0.177734 0.634766 0.027344 0.635742 0.000000 0.971680
1 0.789062 0.050781 0.814453 0.292969 0.951172 0.293945 0.915039 0.050781
