1 0.071289 0.454102 0.128906 0.461914 0.178711 0.321289 0.125000 0.313477
0 0.179688 0.322266 0.128906 0.464844 0.199219 0.471680 0.242188 0.328125
0 0.244141 0.329102 0.197266 0.472656 0.267578 0.477539 0.305664 0.335938
0 0.367188 0.343750 0.305664 0.335938 0.266602 0.478516 0.336914 0.485352
1 0.367188 0.343750 0.335938 0.485352 0.401367 0.493164 0.428711 0.352539
0 0.430664 0.352539 0.401367 0.493164 0.464844 0.502930 0.491211 0.360352
0 0.489258 0.360352 0.464844 0.502930 0.530273 0.511719 0.555664 0.369141
0 0.556641 0.369141 0.532227 0.513672 0.598633 0.523438 0.618164 0.378906
1 0.620117 0.377930 0.598633 0.524414 0.664062 0.534180 0.680664 0.383789
1 0.664062 0.534180 0.732422 0.541992 0.746094 0.391602 0.681641 0.384766
1 0.746094 0.391602 0.731445 0.541992 0.800781 0.547852 0.810547 0.399414
1 0.810547 0.399414 0.800781 0.547852 0.867188 0.557617 0.872070 0.409180
1 0.872070 0.409180 0.866211 0.557617 0.935547 0.566406 0.936523 0.417969
1 0.071289 0.454102 0.020508 0.611328 0.087891 0.624023 0.130859 0.462891
1 0.130859 0.465820 0.089844 0.625000 0.158203 0.631836 0.200195 0.473633
1 0.200195 0.473633 0.160156 0.633789 0.231445 0.639648 0.268555 0.475586
1 0.268555 0.475586 0.233398 0.638672 0.297852 0.647461 0.333984 0.484375
1 0.333984 0.484375 0.298828 0.646484 0.366211 0.656250 0.401367 0.494141
1 0.399414 0.492188 0.367188 0.653320 0.442383 0.661133 0.466797 0.500977
1 0.442383 0.661133 0.510742 0.671875 0.531250 0.512695 0.466797 0.503906
1 0.530273 0.513672 0.509766 0.672852 0.579102 0.682617 0.599609 0.523438
1 0.599609 0.523438 0.579102 0.682617 0.649414 0.695312 0.664062 0.535156
1 0.665039 0.534180 0.649414 0.696289 0.721680 0.706055 0.732422 0.542969
1 0.802734 0.548828 0.733398 0.543945 0.719727 0.707031 0.794922 0.717773
1 0.801758 0.548828 0.795898 0.719727 0.867188 0.731445 0.868164 0.557617
1 0.870117 0.557617 0.869141 0.733398 0.937500 0.742188 0.938477 0.567383
