1 0.05859375 0.369140625 0.181640625 0.361328125 0.189453125 0.1376953125 0.0751953125 0.14453125 0.05859375 0.369140625
0 0.1826171875 0.3603515625 0.3056640625 0.3525390625 0.3046875 0.1298828125 0.189453125 0.1376953125 0.1826171875 0.3603515625
1 0.3046875 0.130859375 0.3046875 0.3515625 0.4267578125 0.3427734375 0.419921875 0.1240234375 0.3046875 0.130859375
1 0.419921875 0.125 0.427734375 0.3427734375 0.5478515625 0.333984375 0.533203125 0.1142578125 0.419921875 0.125
1 0.53515625 0.1142578125 0.5478515625 0.3349609375 0.6708984375 0.3251953125 0.6494140625 0.103515625 0.53515625 0.1142578125
0 0.6494140625 0.1044921875 0.673828125 0.3251953125 0.7958984375 0.3154296875 0.763671875 0.0947265625 0.6494140625 0.1044921875
1 0.7958984375 0.3154296875 0.921875 0.3056640625 0.8818359375 0.0859375 0.7626953125 0.09375 0.7958984375 0.3154296875
1 0.251953125 0.66796875 0.248046875 0.974609375 0.39453125 0.962890625 0.388671875 0.6591796875 0.251953125 0.66796875
1 0.3896484375 0.6591796875 0.392578125 0.962890625 0.5380859375 0.9521484375 0.5205078125 0.6494140625 0.3896484375 0.6591796875
1 0.5205078125 0.6494140625 0.5380859375 0.9521484375 0.6826171875 0.9423828125 0.65234375 0.6416015625 0.5205078125 0.6494140625
1 0.65234375 0.6416015625 0.6826171875 0.9453125 0.830078125 0.9345703125 0.7880859375 0.6337890625 0.65234375 0.6416015625
1 0.7880859375 0.6337890625 0.830078125 0.9345703125 0.9765625 0.92578125 0.9228515625 0.623046875 0.7880859375 0.6337890625