0 0.686523 0.958984 0.704102 0.622070 0.572266 0.574219 0.503906 0.884766
0 0.508789 0.885742 0.572266 0.574219 0.437500 0.524414 0.331055 0.820312
1 0.438477 0.526367 0.304688 0.478516 0.151367 0.755859 0.327148 0.823242
1 0.175781 0.428711 0.000000 0.675781 0.153320 0.754883 0.302734 0.479492
1 0.302734 0.479492 0.392578 0.315430 0.289062 0.282227 0.176758 0.426758
1 0.501953 0.355469 0.392578 0.315430 0.305664 0.477539 0.439453 0.525391
1 0.500000 0.353516 0.442383 0.525391 0.569336 0.572266 0.607422 0.391602
1 0.607422 0.392578 0.569336 0.572266 0.706055 0.619141 0.718750 0.431641
0 0.707031 0.625000 0.841797 0.674805 0.821289 0.461914 0.718750 0.426758
1 0.520508 0.115234 0.482422 0.188477 0.567383 0.217773 0.591797 0.143555
1 0.591797 0.142578 0.566406 0.216797 0.651367 0.249023 0.665039 0.170898
1 0.652344 0.246094 0.735352 0.278320 0.736328 0.195312 0.663086 0.169922
1 0.812500 0.222656 0.735352 0.195312 0.735352 0.280273 0.820312 0.309570
1 0.820312 0.309570 0.905273 0.338867 0.883789 0.250000 0.813477 0.222656
1 0.519531 0.117188 0.447266 0.090820 0.397461 0.159180 0.483398 0.187500
1 0.315430 0.127930 0.400391 0.157227 0.448242 0.091797 0.375000 0.065430
1 0.374023 0.068359 0.304688 0.043945 0.235352 0.102539 0.313477 0.128906
