1 0.980469 0.924805 0.955078 0.785156 0.853516 0.791016 0.872070 0.928711
1 0.875000 0.929688 0.853516 0.791016 0.750000 0.794922 0.770508 0.935547
1 0.768555 0.931641 0.750000 0.794922 0.653320 0.801758 0.662109 0.936523
1 0.664062 0.935547 0.653320 0.801758 0.552734 0.806641 0.559570 0.944336
1 0.558594 0.946289 0.552734 0.806641 0.457031 0.811523 0.456055 0.950195
1 0.458008 0.948242 0.454102 0.810547 0.354492 0.817383 0.352539 0.957031
0 0.352539 0.957031 0.354492 0.817383 0.257812 0.821289 0.248047 0.961914
1 0.258789 0.820312 0.152344 0.825195 0.144531 0.968750 0.248047 0.961914
0 0.154297 0.826172 0.051758 0.833008 0.036133 0.979492 0.142578 0.968750
1 0.957031 0.784180 0.932617 0.656250 0.833008 0.661133 0.853516 0.791016
0 0.853516 0.791016 0.832031 0.660156 0.739258 0.665039 0.751953 0.794922
1 0.751953 0.794922 0.741211 0.664062 0.644531 0.668945 0.654297 0.801758
0 0.654297 0.800781 0.644531 0.668945 0.546875 0.675781 0.552734 0.807617
1 0.555664 0.806641 0.546875 0.675781 0.450195 0.679688 0.457031 0.812500
1 0.454102 0.811523 0.450195 0.679688 0.355469 0.684570 0.353516 0.816406
1 0.357422 0.815430 0.355469 0.684570 0.262695 0.690430 0.256836 0.819336
1 0.258789 0.821289 0.262695 0.690430 0.164062 0.693359 0.154297 0.828125
1 0.155273 0.827148 0.164062 0.693359 0.067383 0.699219 0.051758 0.832031
1 0.913086 0.522461 0.893555 0.401367 0.803711 0.408203 0.814453 0.530273
0 0.816406 0.528320 0.803711 0.408203 0.712891 0.414062 0.723633 0.532227
1 0.725586 0.531250 0.712891 0.414062 0.624023 0.419922 0.633789 0.540039
0 0.632812 0.540039 0.624023 0.419922 0.538086 0.424805 0.540039 0.541016
1 0.542969 0.543945 0.538086 0.424805 0.447266 0.430664 0.449219 0.546875
1 0.449219 0.548828 0.447266 0.430664 0.361328 0.433594 0.356445 0.551758
1 0.357422 0.550781 0.359375 0.434570 0.270508 0.439453 0.265625 0.555664
0 0.267578 0.553711 0.270508 0.439453 0.182617 0.444336 0.170898 0.562500
1 0.174805 0.563477 0.183594 0.445312 0.091797 0.451172 0.083008 0.566406
1 0.984375 0.395508 0.962891 0.282227 0.875000 0.288086 0.892578 0.402344
0 0.893555 0.401367 0.875000 0.287109 0.788086 0.295898 0.801758 0.405273
1 0.801758 0.406250 0.788086 0.295898 0.698242 0.302734 0.712891 0.414062
0 0.712891 0.414062 0.700195 0.300781 0.614258 0.308594 0.623047 0.418945
0 0.623047 0.418945 0.615234 0.308594 0.528320 0.316406 0.538086 0.424805
1 0.538086 0.424805 0.529297 0.314453 0.443359 0.318359 0.445312 0.427734
0 0.446289 0.429688 0.444336 0.318359 0.358398 0.328125 0.359375 0.435547
1 0.359375 0.435547 0.360352 0.326172 0.274414 0.333984 0.271484 0.439453
1 0.271484 0.439453 0.276367 0.333984 0.186523 0.338867 0.181641 0.445312
1 0.181641 0.445312 0.188477 0.336914 0.102539 0.343750 0.092773 0.452148
1 0.092773 0.453125 0.102539 0.344727 0.012695 0.345703 0.000000 0.454102
1 0.039062 0.149414 0.027344 0.243164 0.113281 0.241211 0.122070 0.147461
1 0.122070 0.147461 0.113281 0.241211 0.193359 0.235352 0.203125 0.144531
1 0.196289 0.233398 0.280273 0.232422 0.283203 0.142578 0.202148 0.143555
1 0.282227 0.141602 0.279297 0.229492 0.360352 0.225586 0.363281 0.135742
1 0.363281 0.135742 0.361328 0.225586 0.443359 0.221680 0.442383 0.131836
1 0.442383 0.131836 0.444336 0.220703 0.525391 0.216797 0.521484 0.128906
1 0.521484 0.128906 0.525391 0.214844 0.607422 0.208008 0.601562 0.123047
0 0.601562 0.122070 0.608398 0.208008 0.689453 0.203125 0.682617 0.116211
0 0.683594 0.115234 0.691406 0.201172 0.773438 0.195312 0.763672 0.109375
0 0.763672 0.108398 0.775391 0.194336 0.858398 0.188477 0.843750 0.099609
0 0.843750 0.099609 0.859375 0.187500 0.945312 0.178711 0.927734 0.088867
0 0.927734 0.090820 0.913086 0.008789 0.829102 0.019531 0.843750 0.100586
0 0.842773 0.100586 0.829102 0.019531 0.751953 0.028320 0.761719 0.109375
0 0.760742 0.108398 0.750000 0.029297 0.673828 0.036133 0.681641 0.116211
0 0.683594 0.117188 0.674805 0.038086 0.595703 0.042969 0.601562 0.123047
1 0.600586 0.124023 0.594727 0.041992 0.517578 0.046875 0.521484 0.127930
1 0.524414 0.129883 0.520508 0.045898 0.441406 0.049805 0.440430 0.132812
1 0.444336 0.131836 0.442383 0.047852 0.365234 0.050781 0.363281 0.134766
0 0.363281 0.136719 0.365234 0.050781 0.286133 0.054688 0.283203 0.141602
0 0.284180 0.140625 0.288086 0.053711 0.209961 0.056641 0.203125 0.144531
1 0.203125 0.144531 0.208008 0.057617 0.129883 0.059570 0.120117 0.147461
0 0.122070 0.145508 0.129883 0.059570 0.049805 0.062500 0.037109 0.148438
