1 0.143555 0.193359 0.097656 0.500000 0.203125 0.515625 0.248047 0.208984
1 0.248047 0.208984 0.202148 0.515625 0.311523 0.530273 0.353516 0.224609
1 0.353516 0.224609 0.310547 0.529297 0.414062 0.543945 0.457031 0.238281
0 0.457031 0.238281 0.414062 0.543945 0.518555 0.560547 0.561523 0.253906
1 0.561523 0.253906 0.519531 0.559570 0.623047 0.577148 0.667969 0.267578
0 0.667969 0.267578 0.624023 0.576172 0.729492 0.589844 0.773438 0.283203
1 0.773438 0.283203 0.731445 0.590820 0.836914 0.603516 0.878906 0.295898
1 0.878906 0.295898 0.836914 0.602539 0.944336 0.618164 0.985352 0.311523
1 0.896484 0.968750 0.935547 0.661133 0.831055 0.644531 0.790039 0.950195
1 0.831055 0.644531 0.724609 0.629883 0.683594 0.933594 0.789062 0.947266
1 0.683594 0.934570 0.724609 0.630859 0.619141 0.615234 0.576172 0.919922
1 0.470703 0.905273 0.577148 0.922852 0.619141 0.615234 0.512695 0.600586
0 0.469727 0.907227 0.513672 0.597656 0.410156 0.585938 0.366211 0.892578
1 0.365234 0.891602 0.410156 0.585938 0.304688 0.569336 0.260742 0.879883
1 0.258789 0.876953 0.304688 0.569336 0.197266 0.556641 0.154297 0.862305
0 0.197266 0.556641 0.093750 0.541992 0.050781 0.848633 0.155273 0.861328
