0 0.050781 0.064453 0.038086 0.152344 0.122070 0.147461 0.130859 0.062500
1 0.130859 0.062500 0.122070 0.146484 0.204102 0.143555 0.208008 0.058594
0 0.207031 0.058594 0.203125 0.143555 0.283203 0.139648 0.286133 0.055664
0 0.284180 0.053711 0.283203 0.138672 0.365234 0.137695 0.366211 0.051758
0 0.365234 0.134766 0.442383 0.130859 0.440430 0.047852 0.363281 0.050781
0 0.442383 0.048828 0.439453 0.132812 0.522461 0.127930 0.519531 0.045898
1 0.519531 0.045898 0.521484 0.127930 0.603516 0.123047 0.596680 0.041992
0 0.675781 0.035156 0.597656 0.041016 0.601562 0.123047 0.684570 0.115234
0 0.676758 0.036133 0.684570 0.115234 0.763672 0.108398 0.753906 0.029297
0 0.753906 0.028320 0.763672 0.108398 0.844727 0.101562 0.830078 0.020508
0 0.831055 0.020508 0.844727 0.101562 0.927734 0.089844 0.912109 0.008789
0 0.945312 0.178711 0.927734 0.090820 0.844727 0.100586 0.858398 0.188477
0 0.844727 0.100586 0.763672 0.109375 0.775391 0.195312 0.861328 0.189453
0 0.689453 0.202148 0.774414 0.195312 0.763672 0.109375 0.682617 0.116211
0 0.682617 0.116211 0.600586 0.123047 0.607422 0.206055 0.690430 0.200195
1 0.601562 0.124023 0.522461 0.129883 0.524414 0.212891 0.608398 0.208984
1 0.445312 0.218750 0.525391 0.212891 0.521484 0.126953 0.441406 0.133789
1 0.441406 0.133789 0.361328 0.135742 0.362305 0.226562 0.445312 0.219727
1 0.284180 0.139648 0.279297 0.229492 0.362305 0.225586 0.362305 0.135742
1 0.025391 0.244141 0.113281 0.240234 0.121094 0.147461 0.039062 0.150391
1 0.121094 0.147461 0.110352 0.240234 0.196289 0.237305 0.202148 0.143555
1 0.202148 0.143555 0.196289 0.234375 0.276367 0.229492 0.283203 0.140625
1 0.014648 0.348633 0.000977 0.455078 0.092773 0.451172 0.101562 0.343750
1 0.102539 0.343750 0.093750 0.450195 0.181641 0.444336 0.186523 0.338867
1 0.188477 0.337891 0.179688 0.444336 0.271484 0.440430 0.276367 0.333008
1 0.276367 0.333008 0.269531 0.440430 0.358398 0.432617 0.362305 0.328125
0 0.360352 0.327148 0.358398 0.435547 0.448242 0.430664 0.445312 0.322266
1 0.444336 0.321289 0.448242 0.430664 0.535156 0.424805 0.531250 0.316406
0 0.531250 0.315430 0.537109 0.424805 0.624023 0.420898 0.616211 0.309570
0 0.616211 0.309570 0.622070 0.418945 0.714844 0.413086 0.702148 0.303711
1 0.702148 0.303711 0.711914 0.414062 0.800781 0.408203 0.788086 0.294922
0 0.788086 0.296875 0.802734 0.407227 0.893555 0.403320 0.875977 0.288086
1 0.875977 0.288086 0.893555 0.403320 0.985352 0.393555 0.962891 0.282227
1 0.913086 0.522461 0.893555 0.405273 0.801758 0.409180 0.819336 0.532227
0 0.801758 0.409180 0.710938 0.414062 0.726562 0.533203 0.817383 0.528320
1 0.632812 0.539062 0.725586 0.530273 0.712891 0.414062 0.623047 0.420898
0 0.633789 0.539062 0.625000 0.421875 0.537109 0.422852 0.542969 0.542969
1 0.537109 0.422852 0.446289 0.427734 0.450195 0.546875 0.542969 0.542969
1 0.450195 0.545898 0.449219 0.431641 0.359375 0.434570 0.360352 0.548828
1 0.267578 0.554688 0.360352 0.548828 0.358398 0.435547 0.268555 0.439453
0 0.269531 0.555664 0.270508 0.437500 0.180664 0.446289 0.171875 0.559570
1 0.180664 0.446289 0.091797 0.449219 0.080078 0.567383 0.173828 0.561523
1 0.069336 0.699219 0.054688 0.836914 0.154297 0.829102 0.166016 0.691406
1 0.152344 0.827148 0.256836 0.822266 0.263672 0.686523 0.163086 0.690430
1 0.263672 0.685547 0.256836 0.820312 0.355469 0.812500 0.356445 0.682617
1 0.356445 0.684570 0.355469 0.816406 0.455078 0.810547 0.450195 0.680664
1 0.450195 0.680664 0.453125 0.813477 0.553711 0.807617 0.546875 0.674805
0 0.546875 0.674805 0.551758 0.807617 0.654297 0.799805 0.643555 0.670898
1 0.643555 0.670898 0.653320 0.798828 0.754883 0.791016 0.740234 0.666016
0 0.740234 0.666016 0.752930 0.793945 0.854492 0.791016 0.834961 0.665039
1 0.833008 0.664062 0.854492 0.791992 0.957031 0.784180 0.936523 0.658203
1 0.982422 0.924805 0.958008 0.787109 0.853516 0.791992 0.874023 0.928711
1 0.853516 0.791992 0.753906 0.793945 0.768555 0.936523 0.877930 0.929688
1 0.768555 0.933594 0.752930 0.793945 0.653320 0.799805 0.666016 0.937500
1 0.558594 0.942383 0.666016 0.937500 0.655273 0.801758 0.551758 0.806641
1 0.552734 0.808594 0.455078 0.813477 0.456055 0.952148 0.561523 0.943359
1 0.457031 0.950195 0.453125 0.813477 0.355469 0.817383 0.352539 0.956055
0 0.355469 0.954102 0.356445 0.817383 0.260742 0.824219 0.250000 0.962891
1 0.250977 0.961914 0.257812 0.822266 0.154297 0.826172 0.142578 0.969727
0 0.154297 0.826172 0.053711 0.833008 0.038086 0.977539 0.143555 0.969727
