0 0.041992 0.408203 0.024414 0.503906 0.115234 0.490234 0.125977 0.398438
1 0.125000 0.398438 0.115234 0.489258 0.208008 0.478516 0.216797 0.386719
1 0.216797 0.386719 0.208008 0.477539 0.298828 0.465820 0.302734 0.375000
1 0.302734 0.375000 0.299805 0.464844 0.390625 0.452148 0.389648 0.364258
1 0.389648 0.364258 0.390625 0.452148 0.483398 0.440430 0.474609 0.353516
1 0.475586 0.350586 0.482422 0.439453 0.576172 0.426758 0.565430 0.339844
1 0.576172 0.427734 0.763672 0.404297 0.743164 0.317383 0.565430 0.340820
1 0.743164 0.317383 0.762695 0.404297 0.858398 0.393555 0.834961 0.305664
1 0.836914 0.303711 0.858398 0.393555 0.952148 0.381836 0.921875 0.293945
1 0.939453 0.691406 0.905273 0.568359 0.801758 0.580078 0.828125 0.706055
0 0.828125 0.707031 0.801758 0.580078 0.698242 0.591797 0.718750 0.718750
1 0.720703 0.719727 0.701172 0.592773 0.595703 0.606445 0.611328 0.733398
0 0.611328 0.731445 0.595703 0.606445 0.495117 0.620117 0.501953 0.747070
1 0.503906 0.749023 0.496094 0.621094 0.392578 0.636719 0.393555 0.760742
1 0.393555 0.760742 0.392578 0.634766 0.294922 0.648438 0.288086 0.775391
1 0.181641 0.787109 0.288086 0.775391 0.294922 0.648438 0.190430 0.660156
0 0.181641 0.790039 0.191406 0.661133 0.088867 0.673828 0.071289 0.803711
1 0.178711 0.788086 0.168945 0.930664 0.283203 0.916992 0.288086 0.777344
1 0.285156 0.774414 0.283203 0.916992 0.395508 0.903320 0.395508 0.761719
1 0.394531 0.760742 0.395508 0.903320 0.511719 0.887695 0.501953 0.747070
1 0.502930 0.748047 0.511719 0.887695 0.627930 0.873047 0.611328 0.732422
1 0.611328 0.733398 0.626953 0.873047 0.741211 0.858398 0.719727 0.720703
1 0.719727 0.720703 0.741211 0.855469 0.857422 0.843750 0.827148 0.706055
1 0.827148 0.706055 0.856445 0.843750 0.976562 0.830078 0.938477 0.691406
1 0.095703 0.165039 0.085938 0.227539 0.165039 0.218750 0.172852 0.154297
1 0.165039 0.218750 0.243164 0.208984 0.248047 0.145508 0.172852 0.154297
1 0.248047 0.144531 0.241211 0.208984 0.322266 0.197266 0.325195 0.132812
1 0.560547 0.166016 0.552734 0.103516 0.476562 0.111328 0.481445 0.176758
1 0.482422 0.175781 0.476562 0.111328 0.401367 0.120117 0.403320 0.187500
1 0.402344 0.185547 0.399414 0.121094 0.324219 0.131836 0.323242 0.195312
1 0.631836 0.092773 0.554688 0.103516 0.559570 0.164062 0.640625 0.152344
1 0.705078 0.082031 0.631836 0.092773 0.640625 0.153320 0.721680 0.143555
1 0.706055 0.080078 0.721680 0.142578 0.800781 0.130859 0.784180 0.068359
1 0.782227 0.067383 0.800781 0.130859 0.881836 0.121094 0.861328 0.058594
