1 0.0712890625 0.4541015625 0.12890625 0.4619140625 0.1787109375 0.3212890625 0.125 0.3134765625 0.0712890625 0.4541015625
0 0.1796875 0.322265625 0.12890625 0.46484375 0.19921875 0.4716796875 0.2421875 0.328125 0.1796875 0.322265625
0 0.244140625 0.3291015625 0.197265625 0.47265625 0.267578125 0.4775390625 0.3056640625 0.3359375 0.244140625 0.3291015625
0 0.3671875 0.34375 0.3056640625 0.3359375 0.2666015625 0.478515625 0.3369140625 0.4853515625 0.3671875 0.34375
1 0.3671875 0.34375 0.3359375 0.4853515625 0.4013671875 0.4931640625 0.4287109375 0.3525390625 0.3671875 0.34375
0 0.4306640625 0.3525390625 0.4013671875 0.4931640625 0.46484375 0.5029296875 0.4912109375 0.3603515625 0.4306640625 0.3525390625
0 0.4892578125 0.3603515625 0.46484375 0.5029296875 0.5302734375 0.51171875 0.5556640625 0.369140625 0.4892578125 0.3603515625
0 0.556640625 0.369140625 0.5322265625 0.513671875 0.5986328125 0.5234375 0.6181640625 0.37890625 0.556640625 0.369140625
1 0.6201171875 0.3779296875 0.5986328125 0.5244140625 0.6640625 0.5341796875 0.6806640625 0.3837890625 0.6201171875 0.3779296875
1 0.6640625 0.5341796875 0.732421875 0.5419921875 0.74609375 0.3916015625 0.681640625 0.384765625 0.6640625 0.5341796875
1 0.74609375 0.3916015625 0.7314453125 0.5419921875 0.80078125 0.5478515625 0.810546875 0.3994140625 0.74609375 0.3916015625
1 0.810546875 0.3994140625 0.80078125 0.5478515625 0.8671875 0.5576171875 0.8720703125 0.4091796875 0.810546875 0.3994140625
1 0.8720703125 0.4091796875 0.8662109375 0.5576171875 0.935546875 0.56640625 0.9365234375 0.41796875 0.8720703125 0.4091796875
1 0.0712890625 0.4541015625 0.0205078125 0.611328125 0.087890625 0.6240234375 0.130859375 0.462890625 0.0712890625 0.4541015625
1 0.130859375 0.4658203125 0.08984375 0.625 0.158203125 0.6318359375 0.2001953125 0.4736328125 0.130859375 0.4658203125
1 0.2001953125 0.4736328125 0.16015625 0.6337890625 0.2314453125 0.6396484375 0.2685546875 0.4755859375 0.2001953125 0.4736328125
1 0.2685546875 0.4755859375 0.2333984375 0.638671875 0.2978515625 0.6474609375 0.333984375 0.484375 0.2685546875 0.4755859375
1 0.333984375 0.484375 0.298828125 0.646484375 0.3662109375 0.65625 0.4013671875 0.494140625 0.333984375 0.484375
1 0.3994140625 0.4921875 0.3671875 0.6533203125 0.4423828125 0.6611328125 0.466796875 0.5009765625 0.3994140625 0.4921875
1 0.4423828125 0.6611328125 0.5107421875 0.671875 0.53125 0.5126953125 0.466796875 0.50390625 0.4423828125 0.6611328125
1 0.5302734375 0.513671875 0.509765625 0.6728515625 0.5791015625 0.6826171875 0.599609375 0.5234375 0.5302734375 0.513671875
1 0.599609375 0.5234375 0.5791015625 0.6826171875 0.6494140625 0.6953125 0.6640625 0.53515625 0.599609375 0.5234375
1 0.6650390625 0.5341796875 0.6494140625 0.6962890625 0.7216796875 0.7060546875 0.732421875 0.54296875 0.6650390625 0.5341796875
1 0.802734375 0.548828125 0.7333984375 0.5439453125 0.7197265625 0.70703125 0.794921875 0.7177734375 0.802734375 0.548828125
1 0.8017578125 0.548828125 0.7958984375 0.7197265625 0.8671875 0.7314453125 0.8681640625 0.5576171875 0.8017578125 0.548828125
1 0.8701171875 0.5576171875 0.869140625 0.7333984375 0.9375 0.7421875 0.9384765625 0.5673828125 0.8701171875 0.5576171875