1 0.116211 0.260742 0.073242 0.373047 0.168945 0.381836 0.201172 0.267578
1 0.201172 0.267578 0.167969 0.380859 0.278320 0.389648 0.304688 0.278320
1 0.304688 0.278320 0.278320 0.392578 0.391602 0.400391 0.408203 0.287109
1 0.408203 0.287109 0.390625 0.401367 0.486328 0.410156 0.497070 0.294922
0 0.498047 0.295898 0.485352 0.411133 0.598633 0.421875 0.602539 0.304688
0 0.603516 0.305664 0.597656 0.420898 0.713867 0.433594 0.706055 0.313477
1 0.706055 0.313477 0.711914 0.432617 0.810547 0.441406 0.797852 0.322266
0 0.796875 0.323242 0.809570 0.442383 0.912109 0.451172 0.890625 0.330078
0 0.127930 0.158203 0.087891 0.256836 0.186523 0.266602 0.221680 0.166992
0 0.221680 0.166992 0.191406 0.268555 0.291016 0.276367 0.314453 0.175781
0 0.316406 0.176758 0.291016 0.276367 0.380859 0.285156 0.398438 0.183594
1 0.397461 0.185547 0.378906 0.285156 0.470703 0.292969 0.481445 0.192383
1 0.479492 0.190430 0.470703 0.292969 0.559570 0.299805 0.562500 0.198242
1 0.564453 0.199219 0.559570 0.300781 0.647461 0.308594 0.646484 0.206055
0 0.646484 0.206055 0.647461 0.308594 0.751953 0.319336 0.741211 0.214844
0 0.743164 0.213867 0.751953 0.319336 0.854492 0.326172 0.837891 0.223633
1 0.837891 0.221680 0.854492 0.326172 0.945312 0.335938 0.919922 0.229492
1 0.360352 0.000977 0.338867 0.072266 0.415039 0.079102 0.430664 0.004883
1 0.430664 0.004883 0.414062 0.079102 0.489258 0.084961 0.499023 0.010742
0 0.499023 0.010742 0.491211 0.086914 0.578125 0.092773 0.582031 0.020508
0 0.582031 0.021484 0.577148 0.094727 0.666992 0.103516 0.665039 0.028320
1 0.665039 0.028320 0.666992 0.103516 0.743164 0.108398 0.731445 0.036133
1 0.733398 0.034180 0.743164 0.108398 0.822266 0.115234 0.808594 0.041992
0 0.808594 0.041992 0.821289 0.115234 0.911133 0.123047 0.891602 0.049805
0 0.891602 0.049805 0.910156 0.124023 1.000000 0.132812 0.974609 0.055664
0 0.972656 0.813477 0.942383 0.633789 0.806641 0.621094 0.819336 0.798828
0 0.821289 0.801758 0.806641 0.621094 0.678711 0.609375 0.684570 0.786133
0 0.682617 0.785156 0.679688 0.608398 0.569336 0.596680 0.563477 0.774414
0 0.565430 0.775391 0.570312 0.595703 0.462891 0.585938 0.447266 0.761719
1 0.446289 0.761719 0.462891 0.585938 0.357422 0.574219 0.327148 0.750000
0 0.329102 0.748047 0.357422 0.574219 0.233398 0.563477 0.187500 0.732422
1 0.189453 0.735352 0.233398 0.563477 0.110352 0.550781 0.055664 0.717773
1 0.510742 0.986328 0.667969 1.000000 0.666992 0.784180 0.526367 0.770508
1 0.512695 0.987305 0.526367 0.770508 0.407227 0.756836 0.377930 0.972656
1 0.379883 0.973633 0.407227 0.756836 0.290039 0.745117 0.246094 0.957031
0 0.248047 0.957031 0.290039 0.745117 0.173828 0.733398 0.120117 0.940430
