1 0.873047 0.105469 0.901367 0.223633 1.000000 0.225586 0.966797 0.106445
0 0.900391 0.222656 0.873047 0.105469 0.768555 0.102539 0.791016 0.219727
0 0.788086 0.221680 0.768555 0.103516 0.657227 0.102539 0.667969 0.218750
1 0.668945 0.218750 0.659180 0.103516 0.564453 0.100586 0.569336 0.216797
1 0.568359 0.216797 0.564453 0.100586 0.471680 0.096680 0.465820 0.214844
1 0.466797 0.212891 0.471680 0.096680 0.378906 0.096680 0.366211 0.211914
0 0.366211 0.210938 0.378906 0.096680 0.286133 0.094727 0.262695 0.209961
0 0.265625 0.208984 0.286133 0.094727 0.181641 0.092773 0.151367 0.206055
0 0.151367 0.208008 0.181641 0.092773 0.075195 0.089844 0.035156 0.206055
1 0.069336 0.204102 0.030273 0.336914 0.137695 0.339844 0.166016 0.207031
1 0.166992 0.208984 0.136719 0.339844 0.260742 0.343750 0.286133 0.210938
1 0.286133 0.210938 0.260742 0.342773 0.386719 0.344727 0.398438 0.213867
1 0.399414 0.212891 0.387695 0.344727 0.498047 0.346680 0.500977 0.215820
0 0.500977 0.215820 0.496094 0.344727 0.622070 0.349609 0.619141 0.217773
0 0.619141 0.217773 0.622070 0.349609 0.751953 0.352539 0.735352 0.220703
1 0.735352 0.220703 0.750000 0.354492 0.861328 0.355469 0.837891 0.222656
0 0.837891 0.222656 0.861328 0.356445 0.977539 0.360352 0.942383 0.224609
1 0.904297 0.757812 0.874023 0.554688 0.729492 0.552734 0.746094 0.750000
0 0.748047 0.750977 0.729492 0.552734 0.605469 0.548828 0.612305 0.748047
0 0.614258 0.748047 0.607422 0.548828 0.482422 0.544922 0.480469 0.745117
1 0.480469 0.742188 0.486328 0.545898 0.364258 0.541016 0.342773 0.738281
0 0.346680 0.740234 0.362305 0.541992 0.223633 0.537109 0.189453 0.734375
1 0.191406 0.733398 0.223633 0.538086 0.085938 0.533203 0.034180 0.727539
0 0.170898 0.734375 0.125000 0.972656 0.270508 0.978516 0.299805 0.737305
1 0.299805 0.737305 0.269531 0.979492 0.418945 0.986328 0.432617 0.742188
1 0.432617 0.742188 0.417969 0.986328 0.569336 0.992188 0.570312 0.747070
1 0.570312 0.747070 0.568359 0.990234 0.744141 0.998047 0.731445 0.752930
