0 0.129883 0.215820 0.041992 0.317383 0.114258 0.350586 0.200195 0.242188
1 0.200195 0.242188 0.115234 0.348633 0.190430 0.384766 0.269531 0.273438
1 0.269531 0.273438 0.191406 0.383789 0.274414 0.424805 0.347656 0.309570
1 0.349609 0.312500 0.275391 0.423828 0.352539 0.461914 0.418945 0.343750
1 0.420898 0.343750 0.352539 0.461914 0.420898 0.489258 0.483398 0.371094
0 0.483398 0.371094 0.420898 0.491211 0.486328 0.519531 0.545898 0.397461
1 0.544922 0.395508 0.485352 0.519531 0.559570 0.552734 0.616211 0.427734
1 0.617188 0.428711 0.559570 0.552734 0.635742 0.592773 0.684570 0.458984
1 0.687500 0.458984 0.634766 0.592659 0.704102 0.625862 0.745117 0.484260
0 0.747070 0.484375 0.703125 0.625000 0.778320 0.660156 0.813477 0.514648
1 0.813477 0.514648 0.777344 0.659180 0.854492 0.697266 0.888672 0.545898
0 0.888672 0.545898 0.855469 0.697266 0.925781 0.730469 0.952148 0.572266
