1 0.285156 0.337891 0.408203 0.373047 0.485352 0.171875 0.374023 0.141602
1 0.602539 0.186523 0.492188 0.158203 0.416016 0.357422 0.541016 0.388672
1 0.549805 0.363281 0.675781 0.398438 0.722656 0.196289 0.608398 0.166016
1 0.681641 0.374023 0.808594 0.411133 0.838867 0.208008 0.726562 0.178711
1 0.810547 0.390625 0.938477 0.423828 0.957031 0.221680 0.843750 0.194336
1 0.152344 0.327148 0.272461 0.366211 0.362305 0.165039 0.250000 0.137695
1 0.716797 0.963867 0.823242 0.886719 0.662109 0.697266 0.565430 0.760742
1 0.505859 0.688477 0.399414 0.750000 0.541016 0.958008 0.656250 0.882812
1 0.352539 0.681641 0.229492 0.740234 0.361328 0.953125 0.492188 0.885742
1 0.191406 0.674805 0.064453 0.730469 0.181641 0.950195 0.318359 0.880859
1 0.816406 0.703125 0.721680 0.765625 0.893555 0.967773 0.990234 0.892578
