0 0.953125 0.396484 0.872070 0.245117 0.796875 0.260742 0.868164 0.414062
1 0.870117 0.414062 0.796875 0.260742 0.710938 0.283203 0.781250 0.432617
0 0.779297 0.433594 0.710938 0.283203 0.631836 0.304688 0.691406 0.453125
1 0.692383 0.453125 0.633789 0.304688 0.562500 0.324219 0.610352 0.471680
1 0.561523 0.325195 0.484375 0.345703 0.519531 0.489258 0.611328 0.471680
1 0.518555 0.491211 0.485352 0.344727 0.400391 0.364258 0.430664 0.507812
0 0.400391 0.364258 0.329102 0.384766 0.354492 0.527344 0.432617 0.509766
1 0.354492 0.526367 0.331055 0.384766 0.252930 0.401367 0.275391 0.546875
1 0.185547 0.569336 0.275391 0.546875 0.253906 0.404297 0.174805 0.420898
1 0.086914 0.593750 0.186523 0.569336 0.172852 0.422852 0.081055 0.446289
