0 0.5185546875 0.54296875 0.5234375 0.6923828125 0.5966796875 0.68359375 0.5849609375 0.537109375 0.5185546875 0.54296875
0 0.666015625 0.67578125 0.6484375 0.53125 0.5830078125 0.537109375 0.5947265625 0.685546875 0.666015625 0.67578125
0 0.6494140625 0.5322265625 0.6650390625 0.6748046875 0.728515625 0.66015625 0.7099609375 0.5244140625 0.6494140625 0.5322265625
1 0.76171875 0.5185546875 0.7099609375 0.5244140625 0.728515625 0.6611328125 0.7841796875 0.6513671875 0.76171875 0.5185546875
1 0.78515625 0.650390625 0.8359375 0.6357421875 0.8095703125 0.5126953125 0.759765625 0.51953125 0.78515625 0.650390625
0 0.853515625 0.501953125 0.80859375 0.51171875 0.8349609375 0.6396484375 0.8818359375 0.623046875 0.853515625 0.501953125
0 0.8798828125 0.62109375 0.91796875 0.607421875 0.8896484375 0.4951171875 0.853515625 0.50390625 0.8798828125 0.62109375
1 0.916015625 0.609375 0.94921875 0.595703125 0.9228515625 0.48828125 0.8896484375 0.49609375 0.916015625 0.609375
1 0.4521484375 0.5478515625 0.4501953125 0.6953125 0.5244140625 0.689453125 0.5185546875 0.54296875 0.4521484375 0.5478515625
1 0.451171875 0.6943359375 0.453125 0.546875 0.388671875 0.548828125 0.3779296875 0.69140625 0.451171875 0.6943359375
1 0.3818359375 0.693359375 0.388671875 0.548828125 0.326171875 0.544921875 0.3095703125 0.68359375 0.3818359375 0.693359375
0 0.310546875 0.685546875 0.326171875 0.544921875 0.2666015625 0.537109375 0.2470703125 0.669921875 0.310546875 0.685546875
0 0.2470703125 0.669921875 0.2666015625 0.537109375 0.2158203125 0.5322265625 0.1904296875 0.66015625 0.2470703125 0.669921875
0 0.189453125 0.66015625 0.2158203125 0.5322265625 0.16796875 0.525390625 0.1416015625 0.64453125 0.189453125 0.66015625
1 0.1435546875 0.6435546875 0.1689453125 0.525390625 0.126953125 0.521484375 0.099609375 0.6328125 0.1435546875 0.6435546875
0 0.1005859375 0.6328125 0.126953125 0.521484375 0.0888671875 0.515625 0.0615234375 0.619140625 0.1005859375 0.6328125
1 0.69921875 0.326171875 0.5810546875 0.333984375 0.591796875 0.3984375 0.7138671875 0.3896484375 0.69921875 0.326171875
1 0.31640625 0.3447265625 0.3095703125 0.412109375 0.4453125 0.4091796875 0.4462890625 0.3447265625 0.31640625 0.3447265625
1 0.4453125 0.34375 0.4453125 0.4091796875 0.591796875 0.3984375 0.5830078125 0.3349609375 0.4453125 0.34375
1 0.2060546875 0.345703125 0.19140625 0.4033203125 0.3125 0.4111328125 0.3193359375 0.345703125 0.2060546875 0.345703125
1 0.205078125 0.3466796875 0.115234375 0.34765625 0.1005859375 0.3974609375 0.1943359375 0.40234375 0.205078125 0.3466796875