0 0.518555 0.542969 0.523438 0.692383 0.596680 0.683594 0.584961 0.537109
0 0.666016 0.675781 0.648438 0.531250 0.583008 0.537109 0.594727 0.685547
0 0.649414 0.532227 0.665039 0.674805 0.728516 0.660156 0.709961 0.524414
1 0.761719 0.518555 0.709961 0.524414 0.728516 0.661133 0.784180 0.651367
1 0.785156 0.650391 0.835938 0.635742 0.809570 0.512695 0.759766 0.519531
0 0.853516 0.501953 0.808594 0.511719 0.834961 0.639648 0.881836 0.623047
0 0.879883 0.621094 0.917969 0.607422 0.889648 0.495117 0.853516 0.503906
1 0.916016 0.609375 0.949219 0.595703 0.922852 0.488281 0.889648 0.496094
1 0.452148 0.547852 0.450195 0.695312 0.524414 0.689453 0.518555 0.542969
1 0.451172 0.694336 0.453125 0.546875 0.388672 0.548828 0.377930 0.691406
1 0.381836 0.693359 0.388672 0.548828 0.326172 0.544922 0.309570 0.683594
0 0.310547 0.685547 0.326172 0.544922 0.266602 0.537109 0.247070 0.669922
0 0.247070 0.669922 0.266602 0.537109 0.215820 0.532227 0.190430 0.660156
0 0.189453 0.660156 0.215820 0.532227 0.167969 0.525391 0.141602 0.644531
1 0.143555 0.643555 0.168945 0.525391 0.126953 0.521484 0.099609 0.632812
0 0.100586 0.632812 0.126953 0.521484 0.088867 0.515625 0.061523 0.619141
1 0.699219 0.326172 0.581055 0.333984 0.591797 0.398438 0.713867 0.389648
1 0.316406 0.344727 0.309570 0.412109 0.445312 0.409180 0.446289 0.344727
1 0.445312 0.343750 0.445312 0.409180 0.591797 0.398438 0.583008 0.334961
1 0.206055 0.345703 0.191406 0.403320 0.312500 0.411133 0.319336 0.345703
1 0.205078 0.346680 0.115234 0.347656 0.100586 0.397461 0.194336 0.402344
