0 0.26953125 0.2578125 0.1787109375 0.3330078125 0.2177734375 0.3779296875 0.30859375 0.2978515625 0.26953125 0.2578125
0 0.3076171875 0.2978515625 0.2177734375 0.3779296875 0.2578125 0.4189453125 0.3505859375 0.337890625 0.3076171875 0.2978515625
1 0.3486328125 0.3369140625 0.259765625 0.419921875 0.3037109375 0.462890625 0.3916015625 0.375 0.3486328125 0.3369140625
0 0.3916015625 0.375 0.302734375 0.4619140625 0.345703125 0.505859375 0.43359375 0.416015625 0.3916015625 0.375
1 0.4326171875 0.416015625 0.34375 0.505859375 0.390625 0.5517578125 0.474609375 0.4580078125 0.4326171875 0.416015625
0 0.390625 0.5517578125 0.435546875 0.5966796875 0.5205078125 0.4990234375 0.4765625 0.45703125 0.390625 0.5517578125
1 0.345703125 0.1962890625 0.26953125 0.259765625 0.3076171875 0.2978515625 0.388671875 0.2275390625 0.345703125 0.1962890625
1 0.4296875 0.259765625 0.388671875 0.2275390625 0.3076171875 0.2978515625 0.349609375 0.337890625 0.4296875 0.259765625
0 0.427734375 0.2607421875 0.3486328125 0.337890625 0.3896484375 0.375 0.46875 0.2978515625 0.427734375 0.2607421875
0 0.46875 0.2978515625 0.3896484375 0.376953125 0.43359375 0.416015625 0.5078125 0.333984375 0.46875 0.2978515625
0 0.5078125 0.3359375 0.4306640625 0.4169921875 0.4755859375 0.4580078125 0.548828125 0.3740234375 0.5078125 0.3359375
0 0.548828125 0.3740234375 0.474609375 0.4560546875 0.521484375 0.4990234375 0.5947265625 0.41015625 0.548828125 0.3740234375
0 0.59375 0.41015625 0.51953125 0.4990234375 0.56640625 0.54296875 0.6396484375 0.4521484375 0.59375 0.41015625
0 0.6396484375 0.4521484375 0.5673828125 0.5419921875 0.6123046875 0.587890625 0.685546875 0.4921875 0.6396484375 0.4521484375
0 0.685546875 0.4921875 0.6123046875 0.5869140625 0.6640625 0.6357421875 0.732421875 0.5341796875 0.685546875 0.4921875
1 0.9140625 0.5390625 0.970703125 0.451171875 0.921875 0.4091796875 0.861328125 0.498046875 0.9140625 0.5390625
1 0.8623046875 0.4970703125 0.9228515625 0.408203125 0.873046875 0.3701171875 0.8134765625 0.4560546875 0.8623046875 0.4970703125
1 0.8134765625 0.4560546875 0.873046875 0.3720703125 0.826171875 0.333984375 0.7626953125 0.416015625 0.8134765625 0.4560546875
1 0.7158203125 0.3740234375 0.7626953125 0.4140625 0.826171875 0.333984375 0.7822265625 0.2998046875 0.7158203125 0.3740234375
1 0.7822265625 0.2998046875 0.7373046875 0.26171875 0.669921875 0.337890625 0.716796875 0.375 0.7822265625 0.2998046875
1 0.669921875 0.3388671875 0.7412109375 0.2607421875 0.6953125 0.2265625 0.625 0.2978515625 0.669921875 0.3388671875
1 0.626953125 0.298828125 0.6953125 0.2265625 0.65625 0.193359375 0.583984375 0.263671875 0.626953125 0.298828125
0 0.5830078125 0.2646484375 0.65625 0.19140625 0.6142578125 0.1591796875 0.5390625 0.2294921875 0.5830078125 0.2646484375
1 0.5390625 0.2294921875 0.61328125 0.158203125 0.5771484375 0.126953125 0.5029296875 0.193359375 0.5390625 0.2294921875
0 0.5029296875 0.193359375 0.576171875 0.126953125 0.5361328125 0.095703125 0.4638671875 0.158203125 0.5029296875 0.193359375
1 0.421875 0.126953125 0.4638671875 0.158203125 0.537109375 0.0947265625 0.498046875 0.06640625 0.421875 0.126953125
1 0.42578125 0.1240234375 0.49609375 0.0673828125 0.4599609375 0.041015625 0.3876953125 0.0927734375 0.42578125 0.1240234375
1 0.8349609375 0.9541015625 0.8515625 0.794921875 0.783203125 0.783203125 0.765625 0.9462890625 0.8349609375 0.9541015625
1 0.7666015625 0.9443359375 0.783203125 0.783203125 0.71484375 0.771484375 0.69140625 0.935546875 0.7666015625 0.9443359375
1 0.693359375 0.9365234375 0.71484375 0.771484375 0.646484375 0.7587890625 0.6171875 0.9228515625 0.693359375 0.9365234375
0 0.6171875 0.9228515625 0.646484375 0.7587890625 0.576171875 0.7470703125 0.5439453125 0.9111328125 0.6171875 0.9228515625
1 0.5439453125 0.912109375 0.5771484375 0.7470703125 0.5087890625 0.7353515625 0.4677734375 0.900390625 0.5439453125 0.912109375
0 0.392578125 0.8876953125 0.4677734375 0.900390625 0.5087890625 0.736328125 0.4384765625 0.72265625 0.392578125 0.8876953125
0 0.3935546875 0.88671875 0.4384765625 0.7236328125 0.3671875 0.712890625 0.31640625 0.873046875 0.3935546875 0.88671875
1 0.31640625 0.873046875 0.369140625 0.7119140625 0.2978515625 0.701171875 0.240234375 0.8623046875 0.31640625 0.873046875
0 0.240234375 0.8623046875 0.298828125 0.701171875 0.224609375 0.689453125 0.1630859375 0.8505859375 0.240234375 0.8623046875
1 0.1630859375 0.8505859375 0.2255859375 0.6904296875 0.154296875 0.67578125 0.0537109375 0.822265625 0.1630859375 0.8505859375