0 0.269531 0.257812 0.178711 0.333008 0.217773 0.377930 0.308594 0.297852
0 0.307617 0.297852 0.217773 0.377930 0.257812 0.418945 0.350586 0.337891
1 0.348633 0.336914 0.259766 0.419922 0.303711 0.462891 0.391602 0.375000
0 0.391602 0.375000 0.302734 0.461914 0.345703 0.505859 0.433594 0.416016
1 0.432617 0.416016 0.343750 0.505859 0.390625 0.551758 0.474609 0.458008
0 0.390625 0.551758 0.435547 0.596680 0.520508 0.499023 0.476562 0.457031
1 0.345703 0.196289 0.269531 0.259766 0.307617 0.297852 0.388672 0.227539
1 0.429688 0.259766 0.388672 0.227539 0.307617 0.297852 0.349609 0.337891
0 0.427734 0.260742 0.348633 0.337891 0.389648 0.375000 0.468750 0.297852
0 0.468750 0.297852 0.389648 0.376953 0.433594 0.416016 0.507812 0.333984
0 0.507812 0.335938 0.430664 0.416992 0.475586 0.458008 0.548828 0.374023
0 0.548828 0.374023 0.474609 0.456055 0.521484 0.499023 0.594727 0.410156
0 0.593750 0.410156 0.519531 0.499023 0.566406 0.542969 0.639648 0.452148
0 0.639648 0.452148 0.567383 0.541992 0.612305 0.587891 0.685547 0.492188
0 0.685547 0.492188 0.612305 0.586914 0.664062 0.635742 0.732422 0.534180
1 0.914062 0.539062 0.970703 0.451172 0.921875 0.409180 0.861328 0.498047
1 0.862305 0.497070 0.922852 0.408203 0.873047 0.370117 0.813477 0.456055
1 0.813477 0.456055 0.873047 0.372070 0.826172 0.333984 0.762695 0.416016
1 0.715820 0.374023 0.762695 0.414062 0.826172 0.333984 0.782227 0.299805
1 0.782227 0.299805 0.737305 0.261719 0.669922 0.337891 0.716797 0.375000
1 0.669922 0.338867 0.741211 0.260742 0.695312 0.226562 0.625000 0.297852
1 0.626953 0.298828 0.695312 0.226562 0.656250 0.193359 0.583984 0.263672
0 0.583008 0.264648 0.656250 0.191406 0.614258 0.159180 0.539062 0.229492
1 0.539062 0.229492 0.613281 0.158203 0.577148 0.126953 0.502930 0.193359
0 0.502930 0.193359 0.576172 0.126953 0.536133 0.095703 0.463867 0.158203
1 0.421875 0.126953 0.463867 0.158203 0.537109 0.094727 0.498047 0.066406
1 0.425781 0.124023 0.496094 0.067383 0.459961 0.041016 0.387695 0.092773
1 0.834961 0.954102 0.851562 0.794922 0.783203 0.783203 0.765625 0.946289
1 0.766602 0.944336 0.783203 0.783203 0.714844 0.771484 0.691406 0.935547
1 0.693359 0.936523 0.714844 0.771484 0.646484 0.758789 0.617188 0.922852
0 0.617188 0.922852 0.646484 0.758789 0.576172 0.747070 0.543945 0.911133
1 0.543945 0.912109 0.577148 0.747070 0.508789 0.735352 0.467773 0.900391
0 0.392578 0.887695 0.467773 0.900391 0.508789 0.736328 0.438477 0.722656
0 0.393555 0.886719 0.438477 0.723633 0.367188 0.712891 0.316406 0.873047
1 0.316406 0.873047 0.369141 0.711914 0.297852 0.701172 0.240234 0.862305
0 0.240234 0.862305 0.298828 0.701172 0.224609 0.689453 0.163086 0.850586
1 0.163086 0.850586 0.225586 0.690430 0.154297 0.675781 0.053711 0.822266
