1 0.1298828125 0.6904296875 0.076171875 0.8173828125 0.2021484375 0.8525390625 0.2412109375 0.7216796875 0.1298828125 0.6904296875
1 0.2412109375 0.7216796875 0.203125 0.8505859375 0.330078125 0.8857421875 0.357421875 0.751953125 0.2412109375 0.7216796875
0 0.357421875 0.751953125 0.330078125 0.884765625 0.44921875 0.9189453125 0.46484375 0.78515625 0.357421875 0.751953125
0 0.46484375 0.78515625 0.44921875 0.921875 0.5771484375 0.95703125 0.5791015625 0.818359375 0.46484375 0.78515625
0 0.5791015625 0.818359375 0.578125 0.955078125 0.6953125 0.9892578125 0.685546875 0.8486328125 0.5791015625 0.818359375
0 0.1572265625 0.3828125 0.125 0.4501953125 0.2158203125 0.478515625 0.2451171875 0.41015625 0.1572265625 0.3828125
0 0.24609375 0.40625 0.21484375 0.4794921875 0.3056640625 0.501953125 0.3271484375 0.431640625 0.24609375 0.40625
0 0.32421875 0.43359375 0.3056640625 0.501953125 0.400390625 0.5302734375 0.4130859375 0.4560546875 0.32421875 0.43359375
0 0.4150390625 0.4560546875 0.3994140625 0.5302734375 0.486328125 0.5556640625 0.4970703125 0.4765625 0.4150390625 0.4560546875
1 0.1220703125 0.4501953125 0.0810546875 0.53125 0.1845703125 0.5595703125 0.2158203125 0.4775390625 0.1220703125 0.4501953125
1 0.2177734375 0.4765625 0.1845703125 0.5595703125 0.2783203125 0.5849609375 0.3037109375 0.501953125 0.2177734375 0.4765625
1 0.3046875 0.501953125 0.2783203125 0.5849609375 0.3828125 0.6162109375 0.400390625 0.53125 0.3046875 0.501953125
1 0.3994140625 0.5322265625 0.3828125 0.6162109375 0.4765625 0.6455078125 0.486328125 0.5576171875 0.3994140625 0.5322265625
1 0.4853515625 0.55859375 0.4765625 0.6455078125 0.5751953125 0.6728515625 0.5751953125 0.5830078125 0.4853515625 0.55859375
1 0.5771484375 0.58203125 0.5751953125 0.6748046875 0.6728515625 0.703125 0.666015625 0.609375 0.5771484375 0.58203125
1 0.666015625 0.609375 0.6728515625 0.703125 0.76953125 0.73046875 0.755859375 0.6337890625 0.666015625 0.609375
1 0.7568359375 0.6357421875 0.7685546875 0.7275390625 0.865234375 0.7587890625 0.8427734375 0.6591796875 0.7568359375 0.6357421875
0 0.931640625 0.681640625 0.9091796875 0.599609375 0.8232421875 0.576171875 0.8447265625 0.658203125 0.931640625 0.681640625
0 0.8427734375 0.66015625 0.8232421875 0.5751953125 0.744140625 0.5537109375 0.7568359375 0.634765625 0.8427734375 0.66015625
0 0.755859375 0.6328125 0.744140625 0.5537109375 0.658203125 0.5283203125 0.666015625 0.611328125 0.755859375 0.6328125
0 0.6669921875 0.609375 0.658203125 0.529296875 0.576171875 0.50390625 0.5751953125 0.58203125 0.6669921875 0.609375
0 0.5751953125 0.58203125 0.5751953125 0.5029296875 0.4951171875 0.478515625 0.4833984375 0.5556640625 0.5751953125 0.58203125
0 0.078125 0.22265625 0.044921875 0.2646484375 0.123046875 0.2880859375 0.15234375 0.2431640625 0.078125 0.22265625
0 0.15234375 0.2431640625 0.1796875 0.2021484375 0.109375 0.1806640625 0.076171875 0.21875 0.15234375 0.2431640625
0 0.154296875 0.2431640625 0.1240234375 0.2900390625 0.19921875 0.310546875 0.22265625 0.2646484375 0.154296875 0.2431640625
0 0.1787109375 0.203125 0.15234375 0.2451171875 0.2216796875 0.265625 0.24609375 0.22265625 0.1787109375 0.203125
0 0.24609375 0.22265625 0.2216796875 0.263671875 0.2958984375 0.2841796875 0.31640625 0.2421875 0.24609375 0.22265625
0 0.2744140625 0.3349609375 0.2958984375 0.2841796875 0.2216796875 0.2646484375 0.1962890625 0.3134765625 0.2744140625 0.3349609375
0 0.314453125 0.2431640625 0.2958984375 0.287109375 0.365234375 0.3076171875 0.37890625 0.26171875 0.314453125 0.2431640625
0 0.2978515625 0.283203125 0.2763671875 0.3349609375 0.349609375 0.3564453125 0.3642578125 0.3046875 0.2978515625 0.283203125
0 0.3681640625 0.306640625 0.349609375 0.3564453125 0.4287109375 0.376953125 0.439453125 0.328125 0.3681640625 0.306640625
0 0.439453125 0.32421875 0.4482421875 0.28125 0.376953125 0.26171875 0.3662109375 0.306640625 0.439453125 0.32421875
0 0.435546875 0.3271484375 0.427734375 0.376953125 0.5029296875 0.400390625 0.5078125 0.349609375 0.435546875 0.3271484375
0 0.5078125 0.349609375 0.5126953125 0.30078125 0.4453125 0.2822265625 0.4375 0.326171875 0.5078125 0.349609375
0 0.509765625 0.30078125 0.5048828125 0.3486328125 0.580078125 0.369140625 0.580078125 0.322265625 0.509765625 0.30078125
0 0.580078125 0.322265625 0.5791015625 0.3701171875 0.650390625 0.3876953125 0.6484375 0.3408203125 0.580078125 0.322265625
0 0.6484375 0.3408203125 0.650390625 0.3876953125 0.7216796875 0.4091796875 0.7138671875 0.3623046875 0.6484375 0.3408203125
0 0.7138671875 0.3623046875 0.720703125 0.4111328125 0.791015625 0.4296875 0.779296875 0.37890625 0.7138671875 0.3623046875
0 0.779296875 0.37890625 0.7890625 0.427734375 0.861328125 0.4501953125 0.84375 0.3994140625 0.779296875 0.37890625
0 0.505859375 0.345703125 0.5009765625 0.3974609375 0.5791015625 0.4208984375 0.580078125 0.365234375 0.505859375 0.345703125
0 0.580078125 0.365234375 0.578125 0.421875 0.6533203125 0.4453125 0.650390625 0.388671875 0.580078125 0.365234375
0 0.650390625 0.388671875 0.6513671875 0.443359375 0.7294921875 0.4677734375 0.7216796875 0.41015625 0.650390625 0.388671875
0 0.720703125 0.41015625 0.7314453125 0.46875 0.8046875 0.4892578125 0.7890625 0.427734375 0.720703125 0.41015625
0 0.7900390625 0.4287109375 0.8046875 0.4892578125 0.8779296875 0.509765625 0.861328125 0.4501953125 0.7900390625 0.4287109375
0 0.8623046875 0.4501953125 0.8779296875 0.509765625 0.951171875 0.5322265625 0.9267578125 0.46875 0.8623046875 0.4501953125
0 0.9296875 0.46875 0.908203125 0.4150390625 0.84375 0.396484375 0.8603515625 0.44921875 0.9296875 0.46875
0 0.99609375 0.4873046875 0.9736328125 0.431640625 0.908203125 0.4140625 0.9287109375 0.46875 0.99609375 0.4873046875
0 0.1669921875 0.1083984375 0.146484375 0.138671875 0.208984375 0.15625 0.228515625 0.1259765625 0.1669921875 0.1083984375
0 0.228515625 0.125 0.208984375 0.15625 0.2705078125 0.173828125 0.287109375 0.142578125 0.228515625 0.125
0 0.2880859375 0.1435546875 0.2685546875 0.173828125 0.33203125 0.1923828125 0.3466796875 0.16015625 0.2880859375 0.1435546875
0 0.3466796875 0.16015625 0.33203125 0.19140625 0.396484375 0.2109375 0.40625 0.177734375 0.3466796875 0.16015625
0 0.40625 0.177734375 0.3935546875 0.2099609375 0.4580078125 0.2294921875 0.4638671875 0.1962890625 0.40625 0.177734375
0 0.4638671875 0.1962890625 0.45703125 0.23046875 0.5166015625 0.2490234375 0.5205078125 0.2138671875 0.4638671875 0.1962890625
0 0.5205078125 0.2109375 0.517578125 0.248046875 0.580078125 0.26953125 0.58203125 0.232421875 0.5205078125 0.2109375
0 0.5810546875 0.2294921875 0.5791015625 0.2685546875 0.6416015625 0.2861328125 0.638671875 0.2470703125 0.5810546875 0.2294921875
0 0.638671875 0.2470703125 0.640625 0.2841796875 0.703125 0.302734375 0.697265625 0.263671875 0.638671875 0.2470703125
0 0.697265625 0.263671875 0.703125 0.302734375 0.763671875 0.3203125 0.7548828125 0.28125 0.697265625 0.263671875
0 0.7529296875 0.2822265625 0.7607421875 0.3203125 0.82421875 0.33984375 0.8125 0.2978515625 0.7529296875 0.2822265625
0 0.8154296875 0.2978515625 0.826171875 0.33984375 0.8837890625 0.3583984375 0.8662109375 0.314453125 0.8154296875 0.2978515625
0 0.134765625 0.0625 0.1083984375 0.0888671875 0.166015625 0.10546875 0.1904296875 0.0791015625 0.134765625 0.0625
0 0.1904296875 0.0791015625 0.16796875 0.1064453125 0.2294921875 0.125 0.248046875 0.09765625 0.1904296875 0.0791015625
0 0.248046875 0.09765625 0.2294921875 0.125 0.2900390625 0.1416015625 0.3037109375 0.115234375 0.248046875 0.09765625
0 0.3037109375 0.115234375 0.287109375 0.1416015625 0.34765625 0.1572265625 0.3603515625 0.12890625 0.3037109375 0.115234375
0 0.3466796875 0.16015625 0.4033203125 0.1748046875 0.4140625 0.1455078125 0.359375 0.1318359375 0.3466796875 0.16015625
0 0.4150390625 0.1455078125 0.4033203125 0.177734375 0.46484375 0.1943359375 0.47265625 0.1640625 0.4150390625 0.1455078125
0 0.4716796875 0.1640625 0.4658203125 0.1953125 0.521484375 0.2099609375 0.5244140625 0.1787109375 0.4716796875 0.1640625
0 0.5244140625 0.1787109375 0.5234375 0.212890625 0.5791015625 0.23046875 0.5830078125 0.1982421875 0.5244140625 0.1787109375
0 0.5810546875 0.1982421875 0.5830078125 0.23046875 0.6416015625 0.2470703125 0.63671875 0.2138671875 0.5810546875 0.1982421875
0 0.63671875 0.2138671875 0.6376953125 0.244140625 0.6962890625 0.2626953125 0.69140625 0.2294921875 0.63671875 0.2138671875
0 0.69140625 0.2294921875 0.697265625 0.2626953125 0.7529296875 0.28125 0.7451171875 0.244140625 0.69140625 0.2294921875
0 0.7451171875 0.244140625 0.75390625 0.2841796875 0.8134765625 0.2978515625 0.8017578125 0.2626953125 0.7451171875 0.244140625