1 0.129883 0.690430 0.076172 0.817383 0.202148 0.852539 0.241211 0.721680
1 0.241211 0.721680 0.203125 0.850586 0.330078 0.885742 0.357422 0.751953
0 0.357422 0.751953 0.330078 0.884766 0.449219 0.918945 0.464844 0.785156
0 0.464844 0.785156 0.449219 0.921875 0.577148 0.957031 0.579102 0.818359
0 0.579102 0.818359 0.578125 0.955078 0.695312 0.989258 0.685547 0.848633
0 0.157227 0.382812 0.125000 0.450195 0.215820 0.478516 0.245117 0.410156
0 0.246094 0.406250 0.214844 0.479492 0.305664 0.501953 0.327148 0.431641
0 0.324219 0.433594 0.305664 0.501953 0.400391 0.530273 0.413086 0.456055
0 0.415039 0.456055 0.399414 0.530273 0.486328 0.555664 0.497070 0.476562
1 0.122070 0.450195 0.081055 0.531250 0.184570 0.559570 0.215820 0.477539
1 0.217773 0.476562 0.184570 0.559570 0.278320 0.584961 0.303711 0.501953
1 0.304688 0.501953 0.278320 0.584961 0.382812 0.616211 0.400391 0.531250
1 0.399414 0.532227 0.382812 0.616211 0.476562 0.645508 0.486328 0.557617
1 0.485352 0.558594 0.476562 0.645508 0.575195 0.672852 0.575195 0.583008
1 0.577148 0.582031 0.575195 0.674805 0.672852 0.703125 0.666016 0.609375
1 0.666016 0.609375 0.672852 0.703125 0.769531 0.730469 0.755859 0.633789
1 0.756836 0.635742 0.768555 0.727539 0.865234 0.758789 0.842773 0.659180
0 0.931641 0.681641 0.909180 0.599609 0.823242 0.576172 0.844727 0.658203
0 0.842773 0.660156 0.823242 0.575195 0.744141 0.553711 0.756836 0.634766
0 0.755859 0.632812 0.744141 0.553711 0.658203 0.528320 0.666016 0.611328
0 0.666992 0.609375 0.658203 0.529297 0.576172 0.503906 0.575195 0.582031
0 0.575195 0.582031 0.575195 0.502930 0.495117 0.478516 0.483398 0.555664
0 0.078125 0.222656 0.044922 0.264648 0.123047 0.288086 0.152344 0.243164
0 0.152344 0.243164 0.179688 0.202148 0.109375 0.180664 0.076172 0.218750
0 0.154297 0.243164 0.124023 0.290039 0.199219 0.310547 0.222656 0.264648
0 0.178711 0.203125 0.152344 0.245117 0.221680 0.265625 0.246094 0.222656
0 0.246094 0.222656 0.221680 0.263672 0.295898 0.284180 0.316406 0.242188
0 0.274414 0.334961 0.295898 0.284180 0.221680 0.264648 0.196289 0.313477
0 0.314453 0.243164 0.295898 0.287109 0.365234 0.307617 0.378906 0.261719
0 0.297852 0.283203 0.276367 0.334961 0.349609 0.356445 0.364258 0.304688
0 0.368164 0.306641 0.349609 0.356445 0.428711 0.376953 0.439453 0.328125
0 0.439453 0.324219 0.448242 0.281250 0.376953 0.261719 0.366211 0.306641
0 0.435547 0.327148 0.427734 0.376953 0.502930 0.400391 0.507812 0.349609
0 0.507812 0.349609 0.512695 0.300781 0.445312 0.282227 0.437500 0.326172
0 0.509766 0.300781 0.504883 0.348633 0.580078 0.369141 0.580078 0.322266
0 0.580078 0.322266 0.579102 0.370117 0.650391 0.387695 0.648438 0.340820
0 0.648438 0.340820 0.650391 0.387695 0.721680 0.409180 0.713867 0.362305
0 0.713867 0.362305 0.720703 0.411133 0.791016 0.429688 0.779297 0.378906
0 0.779297 0.378906 0.789062 0.427734 0.861328 0.450195 0.843750 0.399414
0 0.505859 0.345703 0.500977 0.397461 0.579102 0.420898 0.580078 0.365234
0 0.580078 0.365234 0.578125 0.421875 0.653320 0.445312 0.650391 0.388672
0 0.650391 0.388672 0.651367 0.443359 0.729492 0.467773 0.721680 0.410156
0 0.720703 0.410156 0.731445 0.468750 0.804688 0.489258 0.789062 0.427734
0 0.790039 0.428711 0.804688 0.489258 0.877930 0.509766 0.861328 0.450195
0 0.862305 0.450195 0.877930 0.509766 0.951172 0.532227 0.926758 0.468750
0 0.929688 0.468750 0.908203 0.415039 0.843750 0.396484 0.860352 0.449219
0 0.996094 0.487305 0.973633 0.431641 0.908203 0.414062 0.928711 0.468750
0 0.166992 0.108398 0.146484 0.138672 0.208984 0.156250 0.228516 0.125977
0 0.228516 0.125000 0.208984 0.156250 0.270508 0.173828 0.287109 0.142578
0 0.288086 0.143555 0.268555 0.173828 0.332031 0.192383 0.346680 0.160156
0 0.346680 0.160156 0.332031 0.191406 0.396484 0.210938 0.406250 0.177734
0 0.406250 0.177734 0.393555 0.209961 0.458008 0.229492 0.463867 0.196289
0 0.463867 0.196289 0.457031 0.230469 0.516602 0.249023 0.520508 0.213867
0 0.520508 0.210938 0.517578 0.248047 0.580078 0.269531 0.582031 0.232422
0 0.581055 0.229492 0.579102 0.268555 0.641602 0.286133 0.638672 0.247070
0 0.638672 0.247070 0.640625 0.284180 0.703125 0.302734 0.697266 0.263672
0 0.697266 0.263672 0.703125 0.302734 0.763672 0.320312 0.754883 0.281250
0 0.752930 0.282227 0.760742 0.320312 0.824219 0.339844 0.812500 0.297852
0 0.815430 0.297852 0.826172 0.339844 0.883789 0.358398 0.866211 0.314453
0 0.134766 0.062500 0.108398 0.088867 0.166016 0.105469 0.190430 0.079102
0 0.190430 0.079102 0.167969 0.106445 0.229492 0.125000 0.248047 0.097656
0 0.248047 0.097656 0.229492 0.125000 0.290039 0.141602 0.303711 0.115234
0 0.303711 0.115234 0.287109 0.141602 0.347656 0.157227 0.360352 0.128906
0 0.346680 0.160156 0.403320 0.174805 0.414062 0.145508 0.359375 0.131836
0 0.415039 0.145508 0.403320 0.177734 0.464844 0.194336 0.472656 0.164062
0 0.471680 0.164062 0.465820 0.195312 0.521484 0.209961 0.524414 0.178711
0 0.524414 0.178711 0.523438 0.212891 0.579102 0.230469 0.583008 0.198242
0 0.581055 0.198242 0.583008 0.230469 0.641602 0.247070 0.636719 0.213867
0 0.636719 0.213867 0.637695 0.244141 0.696289 0.262695 0.691406 0.229492
0 0.691406 0.229492 0.697266 0.262695 0.752930 0.281250 0.745117 0.244141
0 0.745117 0.244141 0.753906 0.284180 0.813477 0.297852 0.801758 0.262695
