0 0.855469 0.387695 0.886719 0.159180 0.747070 0.138672 0.702148 0.370117
0 0.747070 0.138672 0.604492 0.121094 0.557617 0.349609 0.703125 0.368164
1 0.555664 0.347656 0.605469 0.118164 0.472656 0.102539 0.413086 0.331055
1 0.413086 0.331055 0.469727 0.102539 0.331055 0.086914 0.269531 0.312500
1 0.269531 0.312500 0.332031 0.086914 0.198242 0.073242 0.125977 0.298828
0 0.103516 0.580078 0.027344 0.836914 0.179688 0.860352 0.252930 0.597656
1 0.252930 0.597656 0.181641 0.860352 0.336914 0.882812 0.398438 0.617188
1 0.398438 0.617188 0.334961 0.885742 0.503906 0.907227 0.550781 0.637695
1 0.550781 0.637695 0.502930 0.909180 0.654297 0.927734 0.702148 0.661133
0 0.702148 0.661133 0.650391 0.926758 0.820312 0.952148 0.859375 0.685547
