0 0.993164 0.744141 0.837891 0.437500 0.756836 0.467773 0.899414 0.773438
1 0.898438 0.774414 0.756836 0.467773 0.669922 0.486328 0.797852 0.798828
0 0.797852 0.798828 0.669922 0.486328 0.576172 0.518555 0.688477 0.825195
1 0.690430 0.825195 0.576172 0.518555 0.492188 0.544922 0.593750 0.852539
1 0.594727 0.854492 0.492188 0.544922 0.394531 0.570312 0.491211 0.883789
1 0.492188 0.884766 0.395508 0.570312 0.313477 0.597656 0.389648 0.910156
0 0.307617 0.927734 0.389648 0.909180 0.317383 0.597656 0.236328 0.621094
1 0.070312 0.183594 0.106445 0.395508 0.179688 0.373047 0.133789 0.165039
1 0.203125 0.141602 0.133789 0.165039 0.178711 0.372070 0.254883 0.344727
0 0.253906 0.342773 0.327148 0.322266 0.265625 0.120117 0.202148 0.139648
0 0.266602 0.119141 0.325195 0.322266 0.406250 0.291016 0.337891 0.094727
1 0.337891 0.094727 0.406250 0.291992 0.481445 0.262695 0.408203 0.071289
1 0.408203 0.071289 0.480469 0.262695 0.569336 0.238281 0.489258 0.044922
1 0.489258 0.044922 0.567383 0.237305 0.645508 0.207031 0.559570 0.022461
1 0.625977 0.004883 0.559570 0.022461 0.642578 0.207031 0.711914 0.184570
