1 0.814453 0.439453 0.822266 0.249023 0.766602 0.241211 0.747070 0.426758
1 0.748047 0.425781 0.766602 0.241211 0.701172 0.228516 0.678711 0.410156
0 0.680664 0.410156 0.701172 0.228516 0.644531 0.216797 0.615234 0.397461
0 0.615234 0.397461 0.646484 0.216797 0.579102 0.203125 0.541992 0.381836
1 0.541992 0.381836 0.581055 0.202148 0.515625 0.189453 0.472656 0.364258
1 0.472656 0.364258 0.515625 0.188477 0.444336 0.174805 0.394531 0.351562
1 0.394531 0.351562 0.444336 0.173828 0.378906 0.161133 0.327148 0.335938
0 0.261719 0.321289 0.328125 0.334961 0.381836 0.163086 0.319336 0.154297
0 0.697266 0.924805 0.723633 0.649414 0.652344 0.637695 0.620117 0.919922
1 0.620117 0.918945 0.652344 0.637695 0.580078 0.623047 0.530273 0.904297
1 0.532227 0.908203 0.580078 0.623047 0.493164 0.610352 0.438477 0.890625
1 0.437500 0.893555 0.493164 0.610352 0.417969 0.594727 0.350586 0.875000
0 0.351562 0.875000 0.417969 0.594727 0.333008 0.578125 0.255859 0.864258
1 0.253906 0.866211 0.333008 0.578125 0.253906 0.569336 0.164062 0.852539
0 0.163086 0.854492 0.253906 0.569336 0.180664 0.552734 0.077148 0.834961
0 0.180664 0.552734 0.110352 0.528320 0.000000 0.816406 0.082031 0.835938
