1 0.686523 0.255859 0.691406 0.511719 0.780273 0.512695 0.772461 0.255859
1 0.606445 0.515625 0.693359 0.515625 0.686523 0.255859 0.604492 0.256836
1 0.605469 0.256836 0.520508 0.255859 0.512695 0.514648 0.605469 0.513672
1 0.426758 0.513672 0.515625 0.514648 0.521484 0.255859 0.438477 0.255859
1 0.438477 0.255859 0.354492 0.254883 0.334961 0.516602 0.426758 0.515625
1 0.242188 0.515625 0.335938 0.515625 0.355469 0.256836 0.269531 0.252930
1 0.147461 0.516602 0.244141 0.514648 0.271484 0.252930 0.184570 0.252930
1 0.185547 0.253906 0.106445 0.253906 0.060547 0.516602 0.146484 0.518555
1 0.783203 0.513672 0.690430 0.512695 0.702148 0.821289 0.800781 0.821289
1 0.693359 0.513672 0.606445 0.513672 0.605469 0.821289 0.704102 0.822266
1 0.506836 0.821289 0.605469 0.820312 0.605469 0.514648 0.515625 0.513672
1 0.505859 0.822266 0.515625 0.516602 0.425781 0.514648 0.407227 0.825195
1 0.409180 0.825195 0.425781 0.514648 0.334961 0.516602 0.310547 0.827148
1 0.309570 0.830078 0.335938 0.513672 0.243164 0.514648 0.205078 0.831055
1 0.108398 0.831055 0.208984 0.830078 0.244141 0.516602 0.148438 0.517578
1 0.147461 0.519531 0.063477 0.518555 0.009766 0.832031 0.109375 0.829102
