1 0.16015625 0.01953125 0.1328125 0.400390625 0.2626953125 0.419921875 0.29296875 0.0400390625 0.16015625 0.01953125
0 0.29296875 0.0400390625 0.2626953125 0.421875 0.39453125 0.443359375 0.4248046875 0.0615234375 0.29296875 0.0400390625
1 0.4248046875 0.0615234375 0.39453125 0.44140625 0.525390625 0.46484375 0.5537109375 0.083984375 0.4248046875 0.0615234375
1 0.5537109375 0.083984375 0.5244140625 0.4638671875 0.6533203125 0.4833984375 0.6826171875 0.103515625 0.5537109375 0.083984375
0 0.6826171875 0.103515625 0.654296875 0.482421875 0.78515625 0.5029296875 0.8134765625 0.125 0.6826171875 0.103515625
1 0.8134765625 0.125 0.7861328125 0.50390625 0.9169921875 0.5234375 0.9453125 0.1455078125 0.8134765625 0.125
1 0.8857421875 0.9501953125 0.9130859375 0.57421875 0.779296875 0.552734375 0.75 0.927734375 0.8857421875 0.9501953125
1 0.7529296875 0.927734375 0.779296875 0.552734375 0.65234375 0.5302734375 0.6201171875 0.90625 0.7529296875 0.927734375
1 0.623046875 0.908203125 0.65234375 0.5302734375 0.5205078125 0.5087890625 0.4921875 0.888671875 0.623046875 0.908203125
0 0.4921875 0.892578125 0.521484375 0.509765625 0.3916015625 0.4912109375 0.361328125 0.8671875 0.4921875 0.892578125
0 0.2314453125 0.845703125 0.361328125 0.8671875 0.3916015625 0.490234375 0.2587890625 0.466796875 0.2314453125 0.845703125
1 0.2333984375 0.8447265625 0.2607421875 0.466796875 0.12890625 0.447265625 0.0986328125 0.8271484375 0.2333984375 0.8447265625