1 0.848633 0.379883 0.855469 0.504883 0.916992 0.505859 0.909180 0.377930
1 0.853516 0.505859 0.848633 0.378906 0.791016 0.377930 0.793945 0.507812
1 0.793945 0.504883 0.791016 0.377930 0.731445 0.378906 0.733398 0.505859
1 0.731445 0.377930 0.674805 0.376953 0.669922 0.505859 0.733398 0.505859
1 0.609375 0.503906 0.669922 0.505859 0.675781 0.376953 0.616211 0.375000
1 0.610352 0.503906 0.616211 0.375977 0.556641 0.376953 0.547852 0.501953
1 0.556641 0.376953 0.495117 0.376953 0.485352 0.504883 0.547852 0.503906
0 0.423828 0.506836 0.486328 0.502930 0.497070 0.375977 0.438477 0.376953
0 0.380859 0.379883 0.364258 0.508789 0.425781 0.506836 0.436523 0.377930
1 0.364258 0.509766 0.380859 0.381836 0.324219 0.382812 0.303711 0.509766
1 0.305664 0.508789 0.324219 0.383789 0.270508 0.383789 0.247070 0.509766
0 0.192383 0.509766 0.247070 0.509766 0.269531 0.386719 0.212891 0.385742
0 0.212891 0.387695 0.161133 0.387695 0.132812 0.512695 0.192383 0.510742
1 0.080078 0.510742 0.132812 0.512695 0.162109 0.388672 0.112305 0.389648
0 0.057617 0.390625 0.025391 0.512695 0.082031 0.511719 0.112305 0.388672
1 0.941406 0.903320 0.934570 0.743164 0.866211 0.740234 0.872070 0.904297
1 0.866211 0.740234 0.796875 0.743164 0.800781 0.907227 0.868164 0.906250
0 0.734375 0.744141 0.733398 0.908203 0.803711 0.906250 0.799805 0.744141
1 0.734375 0.746094 0.666016 0.748047 0.661133 0.905273 0.733398 0.908203
1 0.592773 0.904297 0.662109 0.905273 0.668945 0.747070 0.599609 0.746094
1 0.599609 0.747070 0.531250 0.746094 0.521484 0.909180 0.595703 0.908203
1 0.453125 0.908203 0.522461 0.909180 0.532227 0.747070 0.465820 0.744141
1 0.454102 0.908203 0.466797 0.745117 0.399414 0.743164 0.384766 0.908203
1 0.399414 0.743164 0.334961 0.743164 0.316406 0.903320 0.384766 0.906250
0 0.272461 0.744141 0.249023 0.901367 0.319336 0.903320 0.336914 0.744141
1 0.250000 0.902344 0.272461 0.744141 0.211914 0.743164 0.182617 0.901367
1 0.211914 0.743164 0.150391 0.742188 0.119141 0.897461 0.184570 0.900391
1 0.057617 0.895508 0.119141 0.899414 0.149414 0.743164 0.089844 0.744141
