1 0.653320 0.779297 0.750000 0.774414 0.733398 0.722656 0.644531 0.727539
1 0.720703 0.676758 0.631836 0.681641 0.640625 0.728516 0.733398 0.722656
1 0.707031 0.633789 0.622070 0.639648 0.630859 0.681641 0.719727 0.677734
1 0.651367 0.783203 0.663086 0.839844 0.767578 0.832031 0.749023 0.775391
1 0.695312 0.594727 0.614258 0.599609 0.621094 0.638672 0.704102 0.635742
1 0.337891 0.851562 0.414062 0.761719 0.374023 0.722656 0.297852 0.798828
1 0.337891 0.679688 0.258789 0.748047 0.296875 0.797852 0.377930 0.721680
1 0.301758 0.639648 0.227539 0.700195 0.258789 0.746094 0.340820 0.678711
1 0.273438 0.601562 0.200195 0.661133 0.227539 0.703125 0.305664 0.636719
1 0.308594 0.443638 0.339844 0.423549 0.309152 0.398438 0.276786 0.419085
1 0.339286 0.381138 0.310268 0.398438 0.340960 0.423549 0.372768 0.404576
1 0.401228 0.384487 0.367188 0.362723 0.338728 0.380022 0.373326 0.403460
