1 0.848633 0.382812 0.854492 0.505859 0.914062 0.504883 0.907227 0.380859
1 0.846680 0.383789 0.790039 0.383789 0.793945 0.506836 0.854492 0.506836
1 0.790039 0.384766 0.730469 0.385742 0.732422 0.505859 0.794922 0.506836
1 0.671875 0.505859 0.733398 0.505859 0.732422 0.385742 0.672852 0.384766
1 0.673828 0.382812 0.612305 0.382812 0.610352 0.506836 0.670898 0.505859
1 0.611328 0.503906 0.614258 0.380859 0.554688 0.382812 0.547852 0.503906
1 0.486328 0.503906 0.547852 0.503906 0.555664 0.383789 0.496094 0.380859
0 0.496094 0.382812 0.439453 0.382812 0.422852 0.506836 0.488281 0.504883
0 0.366211 0.506836 0.425781 0.504883 0.438477 0.383789 0.378906 0.385742
1 0.363281 0.507812 0.378906 0.387695 0.324219 0.390625 0.305664 0.507812
1 0.250000 0.509766 0.305664 0.506836 0.321289 0.391602 0.269531 0.391602
0 0.249023 0.509766 0.267578 0.390625 0.213867 0.391602 0.189453 0.509766
0 0.212891 0.390625 0.158203 0.390625 0.134766 0.510742 0.191406 0.509766
1 0.080078 0.512695 0.134766 0.510742 0.160156 0.391602 0.110352 0.394531
0 0.110352 0.394531 0.054688 0.397461 0.024414 0.511719 0.081055 0.510742
1 0.937500 0.904297 0.931641 0.742188 0.867188 0.742188 0.872070 0.907227
1 0.870117 0.906250 0.867188 0.742188 0.799805 0.743164 0.802734 0.908203
0 0.802734 0.909180 0.799805 0.743164 0.733398 0.745117 0.731445 0.909180
1 0.731445 0.905273 0.733398 0.745117 0.665039 0.744141 0.663086 0.907227
1 0.663086 0.909180 0.665039 0.744141 0.598633 0.745117 0.592773 0.908203
1 0.592773 0.909180 0.598633 0.745117 0.531250 0.745117 0.521484 0.909180
1 0.523438 0.909180 0.532227 0.748047 0.464844 0.746094 0.452148 0.910156
1 0.453125 0.910156 0.464844 0.746094 0.401367 0.744141 0.384766 0.907227
1 0.401367 0.744141 0.337891 0.744141 0.318359 0.907227 0.382812 0.908203
0 0.250000 0.901367 0.319336 0.905273 0.337891 0.746094 0.272461 0.745117
1 0.249023 0.900391 0.271484 0.744141 0.208984 0.742188 0.183594 0.901367
1 0.183594 0.898438 0.209961 0.744141 0.150391 0.741211 0.123047 0.896484
1 0.060547 0.893555 0.123047 0.896484 0.150391 0.744141 0.091797 0.742188
