1 0.73486328125 0.40625 0.1162109375 0.08251953125
1 0.8525390625 0.564453125 0.11962890625 0.078125
0 0.734375 0.4873046875 0.11962890625 0.07958984375
0 0.73486328125 0.56640625 0.11865234375 0.080078125
0 0.85302734375 0.64599609375 0.11865234375 0.07958984375
0 0.85205078125 0.72802734375 0.12548828125 0.0810546875
0 0.849609375 0.81005859375 0.12744140625 0.07958984375
1 0.7314453125 0.64697265625 0.11865234375 0.07958984375
1 0.73193359375 0.728515625 0.12060546875 0.08251953125
1 0.72900390625 0.81005859375 0.12060546875 0.0830078125
0 0.72802734375 0.89404296875 0.1220703125 0.0849609375
1 0.85009765625 0.89208984375 0.1240234375 0.08154296875
1 0.44287109375 0.89599609375 0.119140625 0.0810546875
0 0.3212890625 0.89599609375 0.1201171875 0.083984375
0 0.4443359375 0.8134765625 0.119140625 0.0810546875
0 0.3232421875 0.81396484375 0.1220703125 0.08203125
1 0.44677734375 0.73095703125 0.11865234375 0.0830078125
1 0.32275390625 0.72998046875 0.12060546875 0.07861328125
0 0.32421875 0.6484375 0.12353515625 0.083984375
1 0.330078125 0.486328125 0.1220703125 0.0830078125
1 0.328125 0.5673828125 0.12158203125 0.080078125
0 0.447265625 0.6474609375 0.11962890625 0.08251953125
0 0.451171875 0.56787109375 0.12060546875 0.0810546875
0 0.45166015625 0.486328125 0.1220703125 0.08056640625
0 0.33544921875 0.40625 0.119140625 0.08056640625
0 0.33837890625 0.32763671875 0.11328125 0.0810546875
0 0.45654296875 0.326171875 0.11572265625 0.07861328125
1 0.4541015625 0.40673828125 0.12060546875 0.07763671875
0 0.45849609375 0.24658203125 0.11865234375 0.080078125
1 0.3388671875 0.2470703125 0.1162109375 0.0810546875
1 0.4609375 0.1669921875 0.1181640625 0.080078125
1 0.341796875 0.16796875 0.1181640625 0.080078125
1 0.4638671875 0.08984375 0.1220703125 0.07666015625
1 0.3427734375 0.08837890625 0.11572265625 0.078125
0 0.0703125 0.08642578125 0.1142578125 0.06396484375
1 0.0654296875 0.1640625 0.1181640625 0.0830078125
1 0.0556640625 0.4052734375 0.111328125 0.076171875
1 0.05615234375 0.4873046875 0.1123046875 0.0830078125
1 0.0556640625 0.56884765625 0.109375 0.08154296875
0 0.05322265625 0.64892578125 0.1064453125 0.0810546875
1 0.05078125 0.73095703125 0.1015625 0.08251953125
1 0.05078125 0.81298828125 0.1015625 0.08447265625
1 0.048828125 0.8955078125 0.09765625 0.07958984375