1 0.8486328125 0.3798828125 0.85546875 0.5048828125 0.9169921875 0.505859375 0.9091796875 0.3779296875 0.8486328125 0.3798828125
1 0.853515625 0.505859375 0.8486328125 0.37890625 0.791015625 0.3779296875 0.7939453125 0.5078125 0.853515625 0.505859375
1 0.7939453125 0.5048828125 0.791015625 0.3779296875 0.7314453125 0.37890625 0.7333984375 0.505859375 0.7939453125 0.5048828125
1 0.7314453125 0.3779296875 0.6748046875 0.376953125 0.669921875 0.505859375 0.7333984375 0.505859375 0.7314453125 0.3779296875
1 0.609375 0.50390625 0.669921875 0.505859375 0.67578125 0.376953125 0.6162109375 0.375 0.609375 0.50390625
1 0.6103515625 0.50390625 0.6162109375 0.3759765625 0.556640625 0.376953125 0.5478515625 0.501953125 0.6103515625 0.50390625
1 0.556640625 0.376953125 0.4951171875 0.376953125 0.4853515625 0.5048828125 0.5478515625 0.50390625 0.556640625 0.376953125
0 0.423828125 0.5068359375 0.486328125 0.5029296875 0.4970703125 0.3759765625 0.4384765625 0.376953125 0.423828125 0.5068359375
0 0.380859375 0.3798828125 0.3642578125 0.5087890625 0.42578125 0.5068359375 0.4365234375 0.3779296875 0.380859375 0.3798828125
1 0.3642578125 0.509765625 0.380859375 0.3818359375 0.32421875 0.3828125 0.3037109375 0.509765625 0.3642578125 0.509765625
1 0.3056640625 0.5087890625 0.32421875 0.3837890625 0.2705078125 0.3837890625 0.2470703125 0.509765625 0.3056640625 0.5087890625
0 0.1923828125 0.509765625 0.2470703125 0.509765625 0.26953125 0.38671875 0.212890625 0.3857421875 0.1923828125 0.509765625
0 0.212890625 0.3876953125 0.1611328125 0.3876953125 0.1328125 0.5126953125 0.1923828125 0.5107421875 0.212890625 0.3876953125
1 0.080078125 0.5107421875 0.1328125 0.5126953125 0.162109375 0.388671875 0.1123046875 0.3896484375 0.080078125 0.5107421875
0 0.0576171875 0.390625 0.025390625 0.5126953125 0.08203125 0.51171875 0.1123046875 0.388671875 0.0576171875 0.390625
1 0.94140625 0.9033203125 0.9345703125 0.7431640625 0.8662109375 0.740234375 0.8720703125 0.904296875 0.94140625 0.9033203125
1 0.8662109375 0.740234375 0.796875 0.7431640625 0.80078125 0.9072265625 0.8681640625 0.90625 0.8662109375 0.740234375
0 0.734375 0.744140625 0.7333984375 0.908203125 0.8037109375 0.90625 0.7998046875 0.744140625 0.734375 0.744140625
1 0.734375 0.74609375 0.666015625 0.748046875 0.6611328125 0.9052734375 0.7333984375 0.908203125 0.734375 0.74609375
1 0.5927734375 0.904296875 0.662109375 0.9052734375 0.6689453125 0.7470703125 0.599609375 0.74609375 0.5927734375 0.904296875
1 0.599609375 0.7470703125 0.53125 0.74609375 0.521484375 0.9091796875 0.595703125 0.908203125 0.599609375 0.7470703125
1 0.453125 0.908203125 0.5224609375 0.9091796875 0.5322265625 0.7470703125 0.4658203125 0.744140625 0.453125 0.908203125
1 0.4541015625 0.908203125 0.466796875 0.7451171875 0.3994140625 0.7431640625 0.384765625 0.908203125 0.4541015625 0.908203125
1 0.3994140625 0.7431640625 0.3349609375 0.7431640625 0.31640625 0.9033203125 0.384765625 0.90625 0.3994140625 0.7431640625
0 0.2724609375 0.744140625 0.2490234375 0.9013671875 0.3193359375 0.9033203125 0.3369140625 0.744140625 0.2724609375 0.744140625
1 0.25 0.90234375 0.2724609375 0.744140625 0.2119140625 0.7431640625 0.1826171875 0.9013671875 0.25 0.90234375
1 0.2119140625 0.7431640625 0.150390625 0.7421875 0.119140625 0.8974609375 0.1845703125 0.900390625 0.2119140625 0.7431640625
1 0.0576171875 0.8955078125 0.119140625 0.8994140625 0.1494140625 0.7431640625 0.08984375 0.744140625 0.0576171875 0.8955078125