1 0.175781 0.141113 0.290039 0.141113 0.290039 0.493652 0.175781 0.493652
0 0.178223 0.536865 0.290527 0.536865 0.290527 0.887939 0.178223 0.887939
1 0.290527 0.140869 0.405762 0.140869 0.405762 0.492920 0.290527 0.492920
1 0.405273 0.141113 0.517578 0.141113 0.517578 0.493652 0.405273 0.493652
1 0.518555 0.141846 0.632812 0.141846 0.632812 0.492920 0.518555 0.492920
0 0.632324 0.142578 0.748535 0.142578 0.748535 0.494141 0.632324 0.494141
0 0.748535 0.143066 0.860840 0.143066 0.860840 0.496582 0.748535 0.496582
1 0.862549 0.143799 0.977295 0.143799 0.977295 0.494873 0.862549 0.494873
0 0.289795 0.537109 0.403564 0.537109 0.403564 0.886719 0.289795 0.886719
1 0.405762 0.536865 0.519043 0.536865 0.519043 0.887939 0.405762 0.887939
1 0.520752 0.537842 0.631592 0.537842 0.631592 0.888916 0.520752 0.888916
1 0.633301 0.539062 0.745605 0.539062 0.745605 0.887695 0.633301 0.887695
0 0.746826 0.540527 0.865479 0.540527 0.865479 0.890137 0.746826 0.890137
0 0.864258 0.541016 0.977539 0.541016 0.977539 0.890625 0.864258 0.890625
