1 0.070801 0.119385 0.213379 0.119385 0.213379 0.513428 0.070801 0.513428
1 0.213379 0.120361 0.354980 0.120361 0.354980 0.513428 0.213379 0.513428
1 0.354980 0.120605 0.497559 0.120605 0.497559 0.516113 0.354980 0.516113
1 0.497070 0.120605 0.638672 0.120605 0.638672 0.516113 0.497070 0.516113
1 0.638916 0.120605 0.780029 0.120605 0.780029 0.515137 0.638916 0.515137
0 0.636963 0.565186 0.778076 0.565186 0.778076 0.954346 0.636963 0.954346
0 0.495605 0.566162 0.635254 0.566162 0.635254 0.954346 0.495605 0.954346
0 0.353516 0.566162 0.496094 0.566162 0.496094 0.955322 0.353516 0.955322
0 0.210938 0.566162 0.353516 0.566162 0.353516 0.955322 0.210938 0.955322
0 0.070068 0.566162 0.211182 0.566162 0.211182 0.957275 0.070068 0.957275
