0 0.115479 0.071289 0.245850 0.071289 0.245850 0.479492 0.115479 0.479492
0 0.246094 0.071289 0.377930 0.071289 0.377930 0.479492 0.246094 0.479492
1 0.377930 0.072266 0.509766 0.072266 0.509766 0.477539 0.377930 0.477539
1 0.509766 0.070312 0.641602 0.070312 0.641602 0.479492 0.509766 0.479492
1 0.640869 0.070312 0.775146 0.070312 0.775146 0.479492 0.640869 0.479492
1 0.775391 0.067383 0.911133 0.067383 0.911133 0.479492 0.775391 0.479492
1 0.776123 0.534180 0.911377 0.534180 0.911377 0.949219 0.776123 0.949219
0 0.642090 0.534180 0.775879 0.534180 0.775879 0.949219 0.642090 0.949219
0 0.509033 0.534180 0.642334 0.534180 0.642334 0.943359 0.509033 0.943359
1 0.377686 0.533203 0.509033 0.533203 0.509033 0.943359 0.377686 0.943359
1 0.248779 0.533203 0.378174 0.533203 0.378174 0.939453 0.248779 0.939453
1 0.118408 0.532227 0.248779 0.532227 0.248779 0.939453 0.118408 0.939453
