0 0.05810546875 0.125 0.04833984375 0.228515625
0 0.1064453125 0.12548828125 0.0478515625 0.2275390625
0 0.154296875 0.1259765625 0.04833984375 0.228515625
0 0.20263671875 0.125 0.04833984375 0.23046875
0 0.25146484375 0.12548828125 0.04931640625 0.23193359375
0 0.2998046875 0.12548828125 0.0478515625 0.23193359375
0 0.34814453125 0.1259765625 0.04833984375 0.23291015625
0 0.4091796875 0.1259765625 0.07421875 0.23291015625
0 0.48291015625 0.1279296875 0.072265625 0.23681640625
0 0.55615234375 0.1259765625 0.07275390625 0.23486328125
0 0.62890625 0.12548828125 0.07177734375 0.23388671875
1 0.6904296875 0.1259765625 0.05126953125 0.23291015625
1 0.765625 0.009480669921875 0.716856060546875 0.0084272626953125 0.71448863671875 0.2443906044921875 0.763731060546875 0.2433371953125 0.765625 0.009480669921875
1 0.7890625 0.12548828125 0.04931640625 0.23388671875
1 0.8515625 0.125 0.07568359375 0.23486328125
1 0.92626953125 0.12548828125 0.07275390625 0.23583984375
1 0.9365234375 0.35986328125 0.05126953125 0.23046875
1 0.88623046875 0.3583984375 0.05029296875 0.2275390625
0 0.8369140625 0.35693359375 0.04833984375 0.2294921875
1 0.7880859375 0.359375 0.05029296875 0.23388671875
0 0.73876953125 0.35986328125 0.04833984375 0.23291015625
0 0.689453125 0.35986328125 0.0498046875 0.23291015625
1 0.626953125 0.35888671875 0.07421875 0.23291015625
1 0.55419921875 0.359375 0.07177734375 0.23193359375
1 0.482421875 0.3603515625 0.0712890625 0.23388671875
1 0.4091796875 0.35986328125 0.07421875 0.23486328125
0 0.34765625 0.359375 0.048828125 0.23388671875
1 0.29931640625 0.359375 0.0478515625 0.23388671875
0 0.25146484375 0.357421875 0.04833984375 0.23046875
0 0.203125 0.357421875 0.0478515625 0.23046875
0 0.20361328125 0.88330078125 0.04638671875 0.228515625
0 0.25146484375 0.88232421875 0.04931640625 0.2265625
0 0.30029296875 0.88330078125 0.048828125 0.224609375
0 0.3486328125 0.884765625 0.04736328125 0.2275390625
0 0.3974609375 0.88525390625 0.05029296875 0.228515625
1 0.4462890625 0.8837890625 0.04833984375 0.2255859375
0 0.4951171875 0.88330078125 0.046875 0.224609375
0 0.54248046875 0.88525390625 0.0478515625 0.2294921875
0 0.59130859375 0.88525390625 0.0498046875 0.2294921875
0 0.6396484375 0.88427734375 0.046875 0.2265625
1 0.6875 0.88525390625 0.048828125 0.224609375
1 0.73583984375 0.8857421875 0.0498046875 0.228515625
1 0.7861328125 0.88525390625 0.048828125 0.2294921875
1 0.83447265625 0.88525390625 0.0498046875 0.2294921875
1 0.8955078125 0.8857421875 0.072265625 0.228515625
0 0.05908203125 0.3583984375 0.04931640625 0.2294921875
0 0.1064453125 0.35595703125 0.04541015625 0.23388671875
0 0.154296875 0.35546875 0.05029296875 0.23291015625
0 0.06103515625 0.88427734375 0.046875 0.2265625
0 0.10791015625 0.8828125 0.04833984375 0.22314453125
0 0.15625 0.88330078125 0.04833984375 0.224609375