0 0.032715 0.009766 0.081543 0.009766 0.081543 0.321289 0.032715 0.321289
0 0.081543 0.008545 0.129395 0.008545 0.129395 0.321533 0.081543 0.321533
0 0.129395 0.008301 0.179199 0.008301 0.179199 0.319824 0.129395 0.319824
0 0.179199 0.011230 0.226074 0.011230 0.226074 0.319824 0.179199 0.319824
0 0.225586 0.012451 0.276367 0.012451 0.276367 0.325439 0.225586 0.325439
0 0.274902 0.010986 0.325684 0.010986 0.325684 0.326904 0.274902 0.326904
0 0.324463 0.012695 0.373779 0.012695 0.373779 0.324219 0.324463 0.324219
0 0.373535 0.012695 0.446777 0.012695 0.446777 0.321289 0.373535 0.321289
0 0.448242 0.015381 0.521484 0.015381 0.521484 0.322510 0.448242 0.322510
0 0.521973 0.015381 0.593262 0.015381 0.593262 0.331299 0.521973 0.331299
0 0.593262 0.014404 0.666504 0.014404 0.666504 0.331299 0.593262 0.331299
1 0.666748 0.013916 0.715088 0.013916 0.715088 0.323975 0.666748 0.323975
1 0.714844 0.013916 0.764648 0.013916 0.764648 0.323975 0.714844 0.323975
1 0.764893 0.013916 0.813232 0.013916 0.813232 0.323975 0.764893 0.323975
1 0.812988 0.010986 0.890137 0.010986 0.890137 0.323975 0.812988 0.323975
1 0.890137 0.011230 0.962402 0.011230 0.962402 0.329590 0.890137 0.329590
1 0.909668 0.328613 0.961426 0.328613 0.961426 0.637207 0.909668 0.637207
1 0.861084 0.328369 0.910400 0.328369 0.910400 0.632568 0.861084 0.632568
0 0.812256 0.325439 0.860596 0.325439 0.860596 0.635498 0.812256 0.635498
1 0.763672 0.326904 0.813477 0.326904 0.813477 0.636963 0.763672 0.636963
0 0.714844 0.326904 0.763672 0.326904 0.763672 0.636963 0.714844 0.636963
0 0.665039 0.327148 0.714844 0.327148 0.714844 0.635742 0.665039 0.635742
1 0.592773 0.330078 0.665039 0.330078 0.665039 0.635742 0.592773 0.635742
1 0.519531 0.329834 0.592773 0.329834 0.592773 0.639893 0.519531 0.639893
1 0.447266 0.323975 0.519531 0.323975 0.519531 0.639893 0.447266 0.639893
1 0.373291 0.323975 0.447021 0.323975 0.447021 0.636963 0.373291 0.636963
0 0.324951 0.325684 0.373291 0.325684 0.373291 0.637207 0.324951 0.637207
1 0.275635 0.325439 0.324951 0.325439 0.324951 0.635498 0.275635 0.635498
0 0.225586 0.324219 0.275391 0.324219 0.275391 0.635742 0.225586 0.635742
0 0.178223 0.323975 0.226074 0.323975 0.226074 0.634033 0.178223 0.634033
0 0.130371 0.322754 0.178223 0.322754 0.178223 0.634277 0.130371 0.634277
0 0.082520 0.322754 0.130371 0.322754 0.130371 0.631348 0.082520 0.631348
0 0.033691 0.318359 0.082520 0.318359 0.082520 0.629883 0.033691 0.629883
