1 0.069580 0.021484 0.142334 0.021484 0.142334 0.248047 0.069580 0.248047
0 0.142578 0.021484 0.191406 0.021484 0.191406 0.248047 0.142578 0.248047
0 0.191406 0.021240 0.239258 0.021240 0.239258 0.250244 0.191406 0.250244
1 0.239014 0.022217 0.289307 0.022217 0.289307 0.250244 0.239014 0.250244
1 0.289307 0.022461 0.336670 0.022461 0.336670 0.249023 0.289307 0.249023
0 0.336426 0.023438 0.386230 0.023438 0.386230 0.249023 0.336426 0.249023
1 0.386475 0.023193 0.433838 0.023193 0.433838 0.253174 0.386475 0.253174
0 0.433838 0.025635 0.482178 0.025635 0.482178 0.253662 0.433838 0.253662
0 0.482178 0.025635 0.530518 0.025635 0.530518 0.253662 0.482178 0.253662
1 0.530518 0.024658 0.577881 0.024658 0.577881 0.253662 0.530518 0.253662
0 0.577637 0.024658 0.628418 0.024658 0.628418 0.254639 0.577637 0.254639
1 0.628418 0.027832 0.675293 0.027832 0.675293 0.254395 0.628418 0.254395
0 0.675049 0.027588 0.723389 0.027588 0.723389 0.255615 0.675049 0.255615
0 0.723389 0.028809 0.772705 0.028809 0.772705 0.255371 0.723389 0.255371
0 0.772461 0.028564 0.819336 0.028564 0.819336 0.257568 0.772461 0.257568
0 0.819092 0.028564 0.868408 0.028564 0.868408 0.259521 0.819092 0.259521
0 0.868408 0.031006 0.914795 0.031006 0.914795 0.260010 0.868408 0.260010
0 0.914551 0.031006 0.961426 0.031006 0.961426 0.259033 0.914551 0.259033
0 0.916260 0.258545 0.961670 0.258545 0.961670 0.487549 0.916260 0.487549
0 0.868164 0.257568 0.916016 0.257568 0.916016 0.487549 0.868164 0.487549
0 0.818848 0.257568 0.868652 0.257568 0.868652 0.488525 0.818848 0.488525
0 0.771973 0.258545 0.818848 0.258545 0.818848 0.488525 0.771973 0.488525
0 0.723389 0.258545 0.771729 0.258545 0.771729 0.489502 0.723389 0.489502
0 0.675781 0.256592 0.723633 0.256592 0.723633 0.489502 0.675781 0.489502
0 0.627197 0.256592 0.675537 0.256592 0.675537 0.487549 0.627197 0.487549
0 0.577637 0.254639 0.627441 0.254639 0.627441 0.487549 0.577637 0.487549
1 0.529541 0.254639 0.577881 0.254639 0.577881 0.487549 0.529541 0.487549
1 0.482178 0.253418 0.529541 0.253418 0.529541 0.487793 0.482178 0.487793
0 0.432861 0.253174 0.482178 0.253174 0.482178 0.485107 0.432861 0.485107
0 0.385010 0.254150 0.433350 0.254150 0.433350 0.483154 0.385010 0.483154
0 0.336426 0.251221 0.385254 0.251221 0.385254 0.484131 0.336426 0.484131
1 0.288818 0.249023 0.337158 0.249023 0.337158 0.486328 0.288818 0.486328
1 0.238525 0.250000 0.288818 0.250000 0.288818 0.486328 0.238525 0.486328
1 0.190918 0.250000 0.238770 0.250000 0.238770 0.485352 0.190918 0.485352
0 0.140137 0.248047 0.190918 0.248047 0.190918 0.485352 0.140137 0.485352
1 0.067139 0.248047 0.139893 0.248047 0.139893 0.483398 0.067139 0.483398
