0 0.033936 0.010742 0.082275 0.010742 0.082275 0.239258 0.033936 0.239258
0 0.082520 0.011719 0.130371 0.011719 0.130371 0.239258 0.082520 0.239258
0 0.130127 0.011719 0.178467 0.011719 0.178467 0.240234 0.130127 0.240234
0 0.178467 0.009766 0.226807 0.009766 0.226807 0.240234 0.178467 0.240234
0 0.226807 0.009521 0.276123 0.009521 0.276123 0.241455 0.226807 0.241455
0 0.275879 0.009521 0.323730 0.009521 0.323730 0.241455 0.275879 0.241455
0 0.323975 0.009521 0.372314 0.009521 0.372314 0.242432 0.323975 0.242432
0 0.372070 0.009521 0.446289 0.009521 0.446289 0.242432 0.372070 0.242432
0 0.446777 0.009521 0.519043 0.009521 0.519043 0.246338 0.446777 0.246338
0 0.519775 0.008545 0.592529 0.008545 0.592529 0.243408 0.519775 0.243408
0 0.593018 0.008545 0.664795 0.008545 0.664795 0.242432 0.593018 0.242432
1 0.664795 0.009521 0.716064 0.009521 0.716064 0.242432 0.664795 0.242432
1 0.765625 0.009481 0.716856 0.008427 0.714489 0.244391 0.763731 0.243337
1 0.764404 0.008545 0.813721 0.008545 0.813721 0.242432 0.764404 0.242432
1 0.813721 0.007568 0.889404 0.007568 0.889404 0.242432 0.813721 0.242432
1 0.889893 0.007568 0.962646 0.007568 0.962646 0.243408 0.889893 0.243408
1 0.910889 0.244629 0.962158 0.244629 0.962158 0.475098 0.910889 0.475098
1 0.861084 0.244629 0.911377 0.244629 0.911377 0.472168 0.861084 0.472168
0 0.812744 0.242188 0.861084 0.242188 0.861084 0.471680 0.812744 0.471680
1 0.762939 0.242432 0.813232 0.242432 0.813232 0.476318 0.762939 0.476318
0 0.714600 0.243408 0.762939 0.243408 0.762939 0.476318 0.714600 0.476318
0 0.664551 0.243408 0.714355 0.243408 0.714355 0.476318 0.664551 0.476318
1 0.589844 0.242432 0.664062 0.242432 0.664062 0.475342 0.589844 0.475342
1 0.518311 0.243408 0.590088 0.243408 0.590088 0.475342 0.518311 0.475342
1 0.446777 0.243408 0.518066 0.243408 0.518066 0.477295 0.446777 0.477295
1 0.372070 0.242432 0.446289 0.242432 0.446289 0.477295 0.372070 0.477295
0 0.323242 0.242432 0.372070 0.242432 0.372070 0.476318 0.323242 0.476318
1 0.275391 0.242432 0.323242 0.242432 0.323242 0.476318 0.275391 0.476318
0 0.227295 0.242188 0.275635 0.242188 0.275635 0.472656 0.227295 0.472656
0 0.179199 0.242188 0.227051 0.242188 0.227051 0.472656 0.179199 0.472656
0 0.180420 0.769043 0.226807 0.769043 0.226807 0.997559 0.180420 0.997559
0 0.226807 0.769043 0.276123 0.769043 0.276123 0.995605 0.226807 0.995605
0 0.275879 0.770996 0.324707 0.770996 0.324707 0.995605 0.275879 0.995605
0 0.324951 0.770996 0.372314 0.770996 0.372314 0.998535 0.324951 0.998535
0 0.372314 0.770996 0.422607 0.770996 0.422607 0.999512 0.372314 0.999512
1 0.422119 0.770996 0.470459 0.770996 0.470459 0.996582 0.422119 0.996582
0 0.471680 0.770996 0.518555 0.770996 0.518555 0.995605 0.471680 0.995605
0 0.518555 0.770508 0.566406 0.770508 0.566406 1.000000 0.518555 1.000000
0 0.566406 0.770508 0.616211 0.770508 0.616211 1.000000 0.566406 1.000000
0 0.616211 0.770996 0.663086 0.770996 0.663086 0.997559 0.616211 0.997559
1 0.663086 0.772949 0.711914 0.772949 0.711914 0.997559 0.663086 0.997559
1 0.710938 0.771484 0.760742 0.771484 0.760742 1.000000 0.710938 1.000000
1 0.761719 0.770508 0.810547 0.770508 0.810547 1.000000 0.761719 1.000000
1 0.809570 0.770508 0.859375 0.770508 0.859375 1.000000 0.809570 1.000000
1 0.859375 0.771484 0.931641 0.771484 0.931641 1.000000 0.859375 1.000000
0 0.034424 0.243652 0.083740 0.243652 0.083740 0.473145 0.034424 0.473145
0 0.083740 0.239014 0.129150 0.239014 0.129150 0.472900 0.083740 0.472900
0 0.129150 0.239014 0.179443 0.239014 0.179443 0.471924 0.129150 0.471924
0 0.037598 0.770996 0.084473 0.770996 0.084473 0.997559 0.037598 0.997559
0 0.083740 0.771240 0.132080 0.771240 0.132080 0.994385 0.083740 0.994385
0 0.132080 0.770996 0.180420 0.770996 0.180420 0.995605 0.132080 0.995605
