1 0.029297 0.054199 0.124023 0.054199 0.124023 0.460449 0.029297 0.460449
1 0.125244 0.051270 0.219482 0.051270 0.219482 0.460449 0.125244 0.460449
1 0.219482 0.051270 0.311768 0.051270 0.311768 0.458496 0.219482 0.458496
1 0.311523 0.054199 0.406250 0.054199 0.406250 0.458496 0.311523 0.458496
0 0.406250 0.054199 0.500000 0.054199 0.500000 0.458496 0.406250 0.458496
1 0.500244 0.054199 0.592529 0.054199 0.592529 0.458496 0.500244 0.458496
1 0.592529 0.054199 0.686768 0.054199 0.686768 0.460449 0.592529 0.460449
1 0.686768 0.055176 0.778076 0.055176 0.778076 0.460449 0.686768 0.460449
0 0.778320 0.055176 0.873047 0.055176 0.873047 0.462402 0.778320 0.462402
0 0.873047 0.057129 0.964844 0.057129 0.964844 0.462402 0.873047 0.462402
0 0.875244 0.517578 0.968506 0.517578 0.968506 0.925781 0.875244 0.925781
0 0.781250 0.517578 0.875000 0.517578 0.875000 0.925781 0.781250 0.925781
0 0.688477 0.517578 0.781250 0.517578 0.781250 0.925781 0.688477 0.925781
0 0.593018 0.513428 0.688232 0.513428 0.688232 0.926025 0.593018 0.926025
0 0.498779 0.513672 0.593018 0.513672 0.593018 0.932617 0.498779 0.932617
0 0.405518 0.514893 0.498779 0.514893 0.498779 0.932373 0.405518 0.932373
0 0.309570 0.514893 0.405273 0.514893 0.405273 0.931396 0.309570 0.931396
0 0.215820 0.514893 0.309570 0.514893 0.309570 0.931396 0.215820 0.931396
0 0.118164 0.514648 0.215820 0.514648 0.215820 0.934570 0.118164 0.934570
1 0.025391 0.512695 0.118164 0.512695 0.118164 0.934570 0.025391 0.934570
