0 0.05712890625 0.16552734375 0.048828125 0.3115234375
0 0.10546875 0.1650390625 0.0478515625 0.31298828125
0 0.154296875 0.1640625 0.0498046875 0.3115234375
0 0.20263671875 0.16552734375 0.046875 0.30859375
0 0.2509765625 0.1689453125 0.05078125 0.31298828125
0 0.30029296875 0.1689453125 0.05078125 0.31591796875
0 0.34912109375 0.16845703125 0.04931640625 0.3115234375
0 0.41015625 0.1669921875 0.0732421875 0.30859375
0 0.48486328125 0.1689453125 0.0732421875 0.30712890625
0 0.5576171875 0.17333984375 0.0712890625 0.31591796875
0 0.6298828125 0.1728515625 0.0732421875 0.31689453125
1 0.69091796875 0.1689453125 0.04833984375 0.31005859375
1 0.73974609375 0.1689453125 0.0498046875 0.31005859375
1 0.7890625 0.1689453125 0.04833984375 0.31005859375
1 0.8515625 0.16748046875 0.0771484375 0.31298828125
1 0.92626953125 0.17041015625 0.072265625 0.318359375
1 0.935546875 0.48291015625 0.0517578125 0.30859375
1 0.8857421875 0.48046875 0.04931640625 0.30419921875
0 0.83642578125 0.48046875 0.04833984375 0.31005859375
1 0.78857421875 0.48193359375 0.0498046875 0.31005859375
0 0.7392578125 0.48193359375 0.048828125 0.31005859375
0 0.68994140625 0.4814453125 0.0498046875 0.30859375
1 0.62890625 0.48291015625 0.072265625 0.3056640625
1 0.55615234375 0.48486328125 0.0732421875 0.31005859375
1 0.4833984375 0.48193359375 0.072265625 0.31591796875
1 0.41015625 0.48046875 0.07373046875 0.31298828125
0 0.34912109375 0.4814453125 0.04833984375 0.3115234375
1 0.30029296875 0.48046875 0.04931640625 0.31005859375
0 0.25048828125 0.47998046875 0.0498046875 0.3115234375
0 0.2021484375 0.47900390625 0.0478515625 0.31005859375
0 0.154296875 0.478515625 0.0478515625 0.3115234375
0 0.1064453125 0.47705078125 0.0478515625 0.30859375
0 0.05810546875 0.47412109375 0.048828125 0.3115234375