1 0.10595703125 0.134765625 0.07275390625 0.2265625
0 0.1669921875 0.134765625 0.048828125 0.2265625
0 0.21533203125 0.1357421875 0.0478515625 0.22900390625
1 0.26416015625 0.13623046875 0.05029296875 0.22802734375
1 0.31298828125 0.1357421875 0.04736328125 0.2265625
0 0.361328125 0.13623046875 0.0498046875 0.2255859375
1 0.41015625 0.13818359375 0.04736328125 0.22998046875
0 0.4580078125 0.1396484375 0.04833984375 0.22802734375
0 0.50634765625 0.1396484375 0.04833984375 0.22802734375
1 0.55419921875 0.13916015625 0.04736328125 0.22900390625
0 0.60302734375 0.1396484375 0.05078125 0.22998046875
1 0.65185546875 0.14111328125 0.046875 0.2265625
0 0.69921875 0.1416015625 0.04833984375 0.22802734375
0 0.748046875 0.14208984375 0.04931640625 0.2265625
0 0.7958984375 0.14306640625 0.046875 0.22900390625
0 0.84375 0.14404296875 0.04931640625 0.23095703125
0 0.8916015625 0.1455078125 0.04638671875 0.22900390625
0 0.93798828125 0.14501953125 0.046875 0.22802734375
0 0.93896484375 0.373046875 0.04541015625 0.22900390625
0 0.89208984375 0.37255859375 0.0478515625 0.22998046875
0 0.84375 0.373046875 0.0498046875 0.23095703125
0 0.79541015625 0.37353515625 0.046875 0.22998046875
0 0.74755859375 0.3740234375 0.04833984375 0.23095703125
0 0.69970703125 0.373046875 0.0478515625 0.23291015625
0 0.6513671875 0.3720703125 0.04833984375 0.23095703125
0 0.6025390625 0.37109375 0.0498046875 0.23291015625
1 0.5537109375 0.37109375 0.04833984375 0.23291015625
1 0.505859375 0.37060546875 0.04736328125 0.234375
0 0.45751953125 0.369140625 0.04931640625 0.23193359375
0 0.4091796875 0.36865234375 0.04833984375 0.22900390625
0 0.36083984375 0.36767578125 0.048828125 0.23291015625
1 0.31298828125 0.36767578125 0.04833984375 0.2373046875
1 0.263671875 0.3681640625 0.05029296875 0.236328125
1 0.21484375 0.36767578125 0.0478515625 0.2353515625
0 0.16552734375 0.36669921875 0.05078125 0.2373046875
1 0.103515625 0.36572265625 0.07275390625 0.2353515625