0 0.755859 0.840820 0.587891 0.495117 0.395508 0.507812 0.446289 0.894531
0 0.448242 0.889648 0.396484 0.506836 0.181641 0.525391 0.087891 0.953125
0 0.310547 0.296875 0.310547 0.345703 0.604492 0.335938 0.574219 0.291992
0 0.574219 0.291992 0.604492 0.334961 0.870117 0.325195 0.809570 0.283203
0 0.623047 0.207031 0.679688 0.256836 0.775391 0.250977 0.700195 0.204102
0 0.873047 0.248047 0.779297 0.200195 0.702148 0.204102 0.775391 0.252930
0 0.953125 0.244141 0.861328 0.201172 0.779297 0.200195 0.868164 0.250000
0 0.675781 0.254883 0.622070 0.206055 0.533203 0.207031 0.577148 0.258789
0 0.533203 0.207031 0.441406 0.205078 0.470703 0.260742 0.576172 0.257812
0 0.352539 0.208008 0.360352 0.262695 0.469727 0.260742 0.442383 0.206055
0 0.352539 0.208984 0.252930 0.208984 0.241211 0.263672 0.361328 0.259766
0 0.113281 0.261719 0.243164 0.261719 0.252930 0.208984 0.148438 0.208984
